# Test case 01

Input
H = [[1, 0, 1, 1, 1, 0, 0],
     [0, 1, 0, 1, 1, 1, 0],
     [0, 0, 1, 0, 1, 1, 1]]
c = [1, 1, 0, 1, 0, 0, 0]

Output
Tìm dmin dựa theo số cột của ma trận kiểm tra H: dmin = 3
Kiểm tra vec-tơ c = [1, 1, 0, 1, 0, 0, 0] có phải là một vec-tơ mã hợp lệ không? True
Các từ mã cho bộ mã là: [[0, 0, 0, 0, 0, 0, 0], [0, 0, 0, 1, 1, 0, 1], [0, 0, 1, 0, 1, 1, 1], [0, 0, 1, 1, 0, 1, 0], [0, 1, 0, 0, 0, 1, 1], [0, 1, 0, 1, 1, 1, 0], [0, 1, 1, 0, 1, 0, 0], [0, 1, 1, 1, 0, 0, 1], [1, 0, 0, 0, 1, 1, 0], [1, 0, 0, 1, 0, 1, 1], [1, 0, 1, 0, 0, 0, 1], [1, 0, 1, 1, 1, 0, 0], [1, 1, 0, 0, 1, 0, 1], [1, 1, 0, 1, 0, 0, 0], [1, 1, 1, 0, 0, 1, 0], [1, 1, 1, 1, 1, 1, 1]]
Tìm dmin theo định nghĩa: dmin = 3
Tìm dmin theo tính chất của mã khối tuyến tính: dmin = 3


# Test case 02

Input
H = [[0, 1, 1, 1, 0, 0, 0],
     [1, 0, 1, 0, 1, 0, 0],
     [1, 1, 0, 0, 0, 1, 0],
     [1, 1, 1, 0, 0, 0, 1]]
c = [0, 1, 1, 0, 1, 0, 0]

Output
Tìm dmin dựa theo số cột của ma trận kiểm tra H: dmin = 4
Kiểm tra vec-tơ c = [0, 1, 1, 0, 1, 0, 0] có phải là một vec-tơ mã hợp lệ không? False
Các từ mã cho bộ mã là: [[0, 0, 0, 0, 0, 0, 0], [0, 0, 1, 1, 1, 0, 1], [0, 1, 0, 1, 0, 1, 1], [0, 1, 1, 0, 1, 1, 0], [1, 0, 0, 0, 1, 1, 1], [1, 0, 1, 1, 0, 1, 0], [1, 1, 0, 1, 1, 0, 0], [1, 1, 1, 0, 0, 0, 1]]
Tìm dmin theo định nghĩa: dmin = 4
Tìm dmin theo tính chất của mã khối tuyến tính: dmin = 4


#Test case 03

Input
H = [[0, 1, 1, 1, 0, 0, 0, 0, 1, 1, 0, 1, 0, 0, 1],
     [1, 0, 1, 0, 1, 0, 0, 0, 0, 1, 0, 1, 1, 1, 0],
     [1, 1, 0, 0, 0, 1, 0, 1, 1, 0, 1, 1, 1, 0, 0],
     [1, 1, 1, 0, 0, 0, 1, 1, 0, 0, 1, 1, 0, 1, 1]]
c = [0, 1, 1, 0, 1, 0, 0, 0, 0, 1, 0, 1, 0, 1, 0]

Output
Tìm dmin dựa theo số cột của ma trận kiểm tra H: dmin = 2
Kiểm tra vec-tơ c = [0, 1, 1, 0, 1, 0, 0, 0, 0, 1, 0, 1, 0, 1, 0] có phải là một vec-tơ mã hợp lệ không? False
Các từ mã cho bộ mã là: [[0, 0, 0, 0, 0, 0, 0, 0, 0, 0, 0, 0, 0, 0, 0], [0, 0, 0, 0, 0, 0, 0, 0, 0, 0, 0, 1, 1, 0, 1], [0, 0, 0, 0, 0, 0, 0, 0, 0, 0, 1, 0, 1, 1, 0], [0, 0, 0, 0, 0, 0, 0, 0, 0, 0, 1, 1, 0, 1, 1], [0, 0, 0, 0, 0, 0, 0, 0, 0, 1, 0, 0, 0, 1, 1], [0, 0, 0, 0, 0, 0, 0, 0, 0, 1, 0, 1, 1, 1, 0], [0, 0, 0, 0, 0, 0, 0, 0, 0, 1, 1, 0, 1, 0, 1], [0, 0, 0, 0, 0, 0, 0, 0, 0, 1, 1, 1, 0, 0, 0], [0, 0, 0, 0, 0, 0, 0, 0, 1, 0, 0, 0, 1, 1, 1], [0, 0, 0, 0, 0, 0, 0, 0, 1, 0, 0, 1, 0, 1, 0], [0, 0, 0, 0, 0, 0, 0, 0, 1, 0, 1, 0, 0, 0, 1], [0, 0, 0, 0, 0, 0, 0, 0, 1, 0, 1, 1, 1, 0, 0], [0, 0, 0, 0, 0, 0, 0, 0, 1, 1, 0, 0, 1, 0, 0], [0, 0, 0, 0, 0, 0, 0, 0, 1, 1, 0, 1, 0, 0, 1], [0, 0, 0, 0, 0, 0, 0, 0, 1, 1, 1, 0, 0, 1, 0], [0, 0, 0, 0, 0, 0, 0, 0, 1, 1, 1, 1, 1, 1, 1], [0, 0, 0, 0, 0, 0, 0, 1, 0, 0, 0, 0, 1, 1, 0], [0, 0, 0, 0, 0, 0, 0, 1, 0, 0, 0, 1, 0, 1, 1], [0, 0, 0, 0, 0, 0, 0, 1, 0, 0, 1, 0, 0, 0, 0], [0, 0, 0, 0, 0, 0, 0, 1, 0, 0, 1, 1, 1, 0, 1], [0, 0, 0, 0, 0, 0, 0, 1, 0, 1, 0, 0, 1, 0, 1], [0, 0, 0, 0, 0, 0, 0, 1, 0, 1, 0, 1, 0, 0, 0], [0, 0, 0, 0, 0, 0, 0, 1, 0, 1, 1, 0, 0, 1, 1], [0, 0, 0, 0, 0, 0, 0, 1, 0, 1, 1, 1, 1, 1, 0], [0, 0, 0, 0, 0, 0, 0, 1, 1, 0, 0, 0, 0, 0, 1], [0, 0, 0, 0, 0, 0, 0, 1, 1, 0, 0, 1, 1, 0, 0], [0, 0, 0, 0, 0, 0, 0, 1, 1, 0, 1, 0, 1, 1, 1], [0, 0, 0, 0, 0, 0, 0, 1, 1, 0, 1, 1, 0, 1, 0], [0, 0, 0, 0, 0, 0, 0, 1, 1, 1, 0, 0, 0, 1, 0], [0, 0, 0, 0, 0, 0, 0, 1, 1, 1, 0, 1, 1, 1, 1], [0, 0, 0, 0, 0, 0, 0, 1, 1, 1, 1, 0, 1, 0, 0], [0, 0, 0, 0, 0, 0, 0, 1, 1, 1, 1, 1, 0, 0, 1], [0, 0, 0, 0, 0, 1, 1, 0, 0, 0, 0, 0, 1, 1, 0], [0, 0, 0, 0, 0, 1, 1, 0, 0, 0, 0, 1, 0, 1, 1], [0, 0, 0, 0, 0, 1, 1, 0, 0, 0, 1, 0, 0, 0, 0], [0, 0, 0, 0, 0, 1, 1, 0, 0, 0, 1, 1, 1, 0, 1], [0, 0, 0, 0, 0, 1, 1, 0, 0, 1, 0, 0, 1, 0, 1], [0, 0, 0, 0, 0, 1, 1, 0, 0, 1, 0, 1, 0, 0, 0], [0, 0, 0, 0, 0, 1, 1, 0, 0, 1, 1, 0, 0, 1, 1], [0, 0, 0, 0, 0, 1, 1, 0, 0, 1, 1, 1, 1, 1, 0], [0, 0, 0, 0, 0, 1, 1, 0, 1, 0, 0, 0, 0, 0, 1], [0, 0, 0, 0, 0, 1, 1, 0, 1, 0, 0, 1, 1, 0, 0], [0, 0, 0, 0, 0, 1, 1, 0, 1, 0, 1, 0, 1, 1, 1], [0, 0, 0, 0, 0, 1, 1, 0, 1, 0, 1, 1, 0, 1, 0], [0, 0, 0, 0, 0, 1, 1, 0, 1, 1, 0, 0, 0, 1, 0], [0, 0, 0, 0, 0, 1, 1, 0, 1, 1, 0, 1, 1, 1, 1], [0, 0, 0, 0, 0, 1, 1, 0, 1, 1, 1, 0, 1, 0, 0], [0, 0, 0, 0, 0, 1, 1, 0, 1, 1, 1, 1, 0, 0, 1], [0, 0, 0, 0, 0, 1, 1, 1, 0, 0, 0, 0, 0, 0, 0], [0, 0, 0, 0, 0, 1, 1, 1, 0, 0, 0, 1, 1, 0, 1], [0, 0, 0, 0, 0, 1, 1, 1, 0, 0, 1, 0, 1, 1, 0], [0, 0, 0, 0, 0, 1, 1, 1, 0, 0, 1, 1, 0, 1, 1], [0, 0, 0, 0, 0, 1, 1, 1, 0, 1, 0, 0, 0, 1, 1], [0, 0, 0, 0, 0, 1, 1, 1, 0, 1, 0, 1, 1, 1, 0], [0, 0, 0, 0, 0, 1, 1, 1, 0, 1, 1, 0, 1, 0, 1], [0, 0, 0, 0, 0, 1, 1, 1, 0, 1, 1, 1, 0, 0, 0], [0, 0, 0, 0, 0, 1, 1, 1, 1, 0, 0, 0, 1, 1, 1], [0, 0, 0, 0, 0, 1, 1, 1, 1, 0, 0, 1, 0, 1, 0], [0, 0, 0, 0, 0, 1, 1, 1, 1, 0, 1, 0, 0, 0, 1], [0, 0, 0, 0, 0, 1, 1, 1, 1, 0, 1, 1, 1, 0, 0], [0, 0, 0, 0, 0, 1, 1, 1, 1, 1, 0, 0, 1, 0, 0], [0, 0, 0, 0, 0, 1, 1, 1, 1, 1, 0, 1, 0, 0, 1], [0, 0, 0, 0, 0, 1, 1, 1, 1, 1, 1, 0, 0, 1, 0], [0, 0, 0, 0, 0, 1, 1, 1, 1, 1, 1, 1, 1, 1, 1], [0, 0, 0, 0, 1, 0, 1, 0, 0, 0, 0, 0, 0, 1, 0], [0, 0, 0, 0, 1, 0, 1, 0, 0, 0, 0, 1, 1, 1, 1], [0, 0, 0, 0, 1, 0, 1, 0, 0, 0, 1, 0, 1, 0, 0], [0, 0, 0, 0, 1, 0, 1, 0, 0, 0, 1, 1, 0, 0, 1], [0, 0, 0, 0, 1, 0, 1, 0, 0, 1, 0, 0, 0, 0, 1], [0, 0, 0, 0, 1, 0, 1, 0, 0, 1, 0, 1, 1, 0, 0], [0, 0, 0, 0, 1, 0, 1, 0, 0, 1, 1, 0, 1, 1, 1], [0, 0, 0, 0, 1, 0, 1, 0, 0, 1, 1, 1, 0, 1, 0], [0, 0, 0, 0, 1, 0, 1, 0, 1, 0, 0, 0, 1, 0, 1], [0, 0, 0, 0, 1, 0, 1, 0, 1, 0, 0, 1, 0, 0, 0], [0, 0, 0, 0, 1, 0, 1, 0, 1, 0, 1, 0, 0, 1, 1], [0, 0, 0, 0, 1, 0, 1, 0, 1, 0, 1, 1, 1, 1, 0], [0, 0, 0, 0, 1, 0, 1, 0, 1, 1, 0, 0, 1, 1, 0], [0, 0, 0, 0, 1, 0, 1, 0, 1, 1, 0, 1, 0, 1, 1], [0, 0, 0, 0, 1, 0, 1, 0, 1, 1, 1, 0, 0, 0, 0], [0, 0, 0, 0, 1, 0, 1, 0, 1, 1, 1, 1, 1, 0, 1], [0, 0, 0, 0, 1, 0, 1, 1, 0, 0, 0, 0, 1, 0, 0], [0, 0, 0, 0, 1, 0, 1, 1, 0, 0, 0, 1, 0, 0, 1], [0, 0, 0, 0, 1, 0, 1, 1, 0, 0, 1, 0, 0, 1, 0], [0, 0, 0, 0, 1, 0, 1, 1, 0, 0, 1, 1, 1, 1, 1], [0, 0, 0, 0, 1, 0, 1, 1, 0, 1, 0, 0, 1, 1, 1], [0, 0, 0, 0, 1, 0, 1, 1, 0, 1, 0, 1, 0, 1, 0], [0, 0, 0, 0, 1, 0, 1, 1, 0, 1, 1, 0, 0, 0, 1], [0, 0, 0, 0, 1, 0, 1, 1, 0, 1, 1, 1, 1, 0, 0], [0, 0, 0, 0, 1, 0, 1, 1, 1, 0, 0, 0, 0, 1, 1], [0, 0, 0, 0, 1, 0, 1, 1, 1, 0, 0, 1, 1, 1, 0], [0, 0, 0, 0, 1, 0, 1, 1, 1, 0, 1, 0, 1, 0, 1], [0, 0, 0, 0, 1, 0, 1, 1, 1, 0, 1, 1, 0, 0, 0], [0, 0, 0, 0, 1, 0, 1, 1, 1, 1, 0, 0, 0, 0, 0], [0, 0, 0, 0, 1, 0, 1, 1, 1, 1, 0, 1, 1, 0, 1], [0, 0, 0, 0, 1, 0, 1, 1, 1, 1, 1, 0, 1, 1, 0], [0, 0, 0, 0, 1, 0, 1, 1, 1, 1, 1, 1, 0, 1, 1], [0, 0, 0, 0, 1, 1, 0, 0, 0, 0, 0, 0, 1, 0, 0], [0, 0, 0, 0, 1, 1, 0, 0, 0, 0, 0, 1, 0, 0, 1], [0, 0, 0, 0, 1, 1, 0, 0, 0, 0, 1, 0, 0, 1, 0], [0, 0, 0, 0, 1, 1, 0, 0, 0, 0, 1, 1, 1, 1, 1], [0, 0, 0, 0, 1, 1, 0, 0, 0, 1, 0, 0, 1, 1, 1], [0, 0, 0, 0, 1, 1, 0, 0, 0, 1, 0, 1, 0, 1, 0], [0, 0, 0, 0, 1, 1, 0, 0, 0, 1, 1, 0, 0, 0, 1], [0, 0, 0, 0, 1, 1, 0, 0, 0, 1, 1, 1, 1, 0, 0], [0, 0, 0, 0, 1, 1, 0, 0, 1, 0, 0, 0, 0, 1, 1], [0, 0, 0, 0, 1, 1, 0, 0, 1, 0, 0, 1, 1, 1, 0], [0, 0, 0, 0, 1, 1, 0, 0, 1, 0, 1, 0, 1, 0, 1], [0, 0, 0, 0, 1, 1, 0, 0, 1, 0, 1, 1, 0, 0, 0], [0, 0, 0, 0, 1, 1, 0, 0, 1, 1, 0, 0, 0, 0, 0], [0, 0, 0, 0, 1, 1, 0, 0, 1, 1, 0, 1, 1, 0, 1], [0, 0, 0, 0, 1, 1, 0, 0, 1, 1, 1, 0, 1, 1, 0], [0, 0, 0, 0, 1, 1, 0, 0, 1, 1, 1, 1, 0, 1, 1], [0, 0, 0, 0, 1, 1, 0, 1, 0, 0, 0, 0, 0, 1, 0], [0, 0, 0, 0, 1, 1, 0, 1, 0, 0, 0, 1, 1, 1, 1], [0, 0, 0, 0, 1, 1, 0, 1, 0, 0, 1, 0, 1, 0, 0], [0, 0, 0, 0, 1, 1, 0, 1, 0, 0, 1, 1, 0, 0, 1], [0, 0, 0, 0, 1, 1, 0, 1, 0, 1, 0, 0, 0, 0, 1], [0, 0, 0, 0, 1, 1, 0, 1, 0, 1, 0, 1, 1, 0, 0], [0, 0, 0, 0, 1, 1, 0, 1, 0, 1, 1, 0, 1, 1, 1], [0, 0, 0, 0, 1, 1, 0, 1, 0, 1, 1, 1, 0, 1, 0], [0, 0, 0, 0, 1, 1, 0, 1, 1, 0, 0, 0, 1, 0, 1], [0, 0, 0, 0, 1, 1, 0, 1, 1, 0, 0, 1, 0, 0, 0], [0, 0, 0, 0, 1, 1, 0, 1, 1, 0, 1, 0, 0, 1, 1], [0, 0, 0, 0, 1, 1, 0, 1, 1, 0, 1, 1, 1, 1, 0], [0, 0, 0, 0, 1, 1, 0, 1, 1, 1, 0, 0, 1, 1, 0], [0, 0, 0, 0, 1, 1, 0, 1, 1, 1, 0, 1, 0, 1, 1], [0, 0, 0, 0, 1, 1, 0, 1, 1, 1, 1, 0, 0, 0, 0], [0, 0, 0, 0, 1, 1, 0, 1, 1, 1, 1, 1, 1, 0, 1], [0, 0, 0, 1, 0, 0, 1, 0, 0, 0, 0, 0, 0, 0, 1], [0, 0, 0, 1, 0, 0, 1, 0, 0, 0, 0, 1, 1, 0, 0], [0, 0, 0, 1, 0, 0, 1, 0, 0, 0, 1, 0, 1, 1, 1], [0, 0, 0, 1, 0, 0, 1, 0, 0, 0, 1, 1, 0, 1, 0], [0, 0, 0, 1, 0, 0, 1, 0, 0, 1, 0, 0, 0, 1, 0], [0, 0, 0, 1, 0, 0, 1, 0, 0, 1, 0, 1, 1, 1, 1], [0, 0, 0, 1, 0, 0, 1, 0, 0, 1, 1, 0, 1, 0, 0], [0, 0, 0, 1, 0, 0, 1, 0, 0, 1, 1, 1, 0, 0, 1], [0, 0, 0, 1, 0, 0, 1, 0, 1, 0, 0, 0, 1, 1, 0], [0, 0, 0, 1, 0, 0, 1, 0, 1, 0, 0, 1, 0, 1, 1], [0, 0, 0, 1, 0, 0, 1, 0, 1, 0, 1, 0, 0, 0, 0], [0, 0, 0, 1, 0, 0, 1, 0, 1, 0, 1, 1, 1, 0, 1], [0, 0, 0, 1, 0, 0, 1, 0, 1, 1, 0, 0, 1, 0, 1], [0, 0, 0, 1, 0, 0, 1, 0, 1, 1, 0, 1, 0, 0, 0], [0, 0, 0, 1, 0, 0, 1, 0, 1, 1, 1, 0, 0, 1, 1], [0, 0, 0, 1, 0, 0, 1, 0, 1, 1, 1, 1, 1, 1, 0], [0, 0, 0, 1, 0, 0, 1, 1, 0, 0, 0, 0, 1, 1, 1], [0, 0, 0, 1, 0, 0, 1, 1, 0, 0, 0, 1, 0, 1, 0], [0, 0, 0, 1, 0, 0, 1, 1, 0, 0, 1, 0, 0, 0, 1], [0, 0, 0, 1, 0, 0, 1, 1, 0, 0, 1, 1, 1, 0, 0], [0, 0, 0, 1, 0, 0, 1, 1, 0, 1, 0, 0, 1, 0, 0], [0, 0, 0, 1, 0, 0, 1, 1, 0, 1, 0, 1, 0, 0, 1], [0, 0, 0, 1, 0, 0, 1, 1, 0, 1, 1, 0, 0, 1, 0], [0, 0, 0, 1, 0, 0, 1, 1, 0, 1, 1, 1, 1, 1, 1], [0, 0, 0, 1, 0, 0, 1, 1, 1, 0, 0, 0, 0, 0, 0], [0, 0, 0, 1, 0, 0, 1, 1, 1, 0, 0, 1, 1, 0, 1], [0, 0, 0, 1, 0, 0, 1, 1, 1, 0, 1, 0, 1, 1, 0], [0, 0, 0, 1, 0, 0, 1, 1, 1, 0, 1, 1, 0, 1, 1], [0, 0, 0, 1, 0, 0, 1, 1, 1, 1, 0, 0, 0, 1, 1], [0, 0, 0, 1, 0, 0, 1, 1, 1, 1, 0, 1, 1, 1, 0], [0, 0, 0, 1, 0, 0, 1, 1, 1, 1, 1, 0, 1, 0, 1], [0, 0, 0, 1, 0, 0, 1, 1, 1, 1, 1, 1, 0, 0, 0], [0, 0, 0, 1, 0, 1, 0, 0, 0, 0, 0, 0, 1, 1, 1], [0, 0, 0, 1, 0, 1, 0, 0, 0, 0, 0, 1, 0, 1, 0], [0, 0, 0, 1, 0, 1, 0, 0, 0, 0, 1, 0, 0, 0, 1], [0, 0, 0, 1, 0, 1, 0, 0, 0, 0, 1, 1, 1, 0, 0], [0, 0, 0, 1, 0, 1, 0, 0, 0, 1, 0, 0, 1, 0, 0], [0, 0, 0, 1, 0, 1, 0, 0, 0, 1, 0, 1, 0, 0, 1], [0, 0, 0, 1, 0, 1, 0, 0, 0, 1, 1, 0, 0, 1, 0], [0, 0, 0, 1, 0, 1, 0, 0, 0, 1, 1, 1, 1, 1, 1], [0, 0, 0, 1, 0, 1, 0, 0, 1, 0, 0, 0, 0, 0, 0], [0, 0, 0, 1, 0, 1, 0, 0, 1, 0, 0, 1, 1, 0, 1], [0, 0, 0, 1, 0, 1, 0, 0, 1, 0, 1, 0, 1, 1, 0], [0, 0, 0, 1, 0, 1, 0, 0, 1, 0, 1, 1, 0, 1, 1], [0, 0, 0, 1, 0, 1, 0, 0, 1, 1, 0, 0, 0, 1, 1], [0, 0, 0, 1, 0, 1, 0, 0, 1, 1, 0, 1, 1, 1, 0], [0, 0, 0, 1, 0, 1, 0, 0, 1, 1, 1, 0, 1, 0, 1], [0, 0, 0, 1, 0, 1, 0, 0, 1, 1, 1, 1, 0, 0, 0], [0, 0, 0, 1, 0, 1, 0, 1, 0, 0, 0, 0, 0, 0, 1], [0, 0, 0, 1, 0, 1, 0, 1, 0, 0, 0, 1, 1, 0, 0], [0, 0, 0, 1, 0, 1, 0, 1, 0, 0, 1, 0, 1, 1, 1], [0, 0, 0, 1, 0, 1, 0, 1, 0, 0, 1, 1, 0, 1, 0], [0, 0, 0, 1, 0, 1, 0, 1, 0, 1, 0, 0, 0, 1, 0], [0, 0, 0, 1, 0, 1, 0, 1, 0, 1, 0, 1, 1, 1, 1], [0, 0, 0, 1, 0, 1, 0, 1, 0, 1, 1, 0, 1, 0, 0], [0, 0, 0, 1, 0, 1, 0, 1, 0, 1, 1, 1, 0, 0, 1], [0, 0, 0, 1, 0, 1, 0, 1, 1, 0, 0, 0, 1, 1, 0], [0, 0, 0, 1, 0, 1, 0, 1, 1, 0, 0, 1, 0, 1, 1], [0, 0, 0, 1, 0, 1, 0, 1, 1, 0, 1, 0, 0, 0, 0], [0, 0, 0, 1, 0, 1, 0, 1, 1, 0, 1, 1, 1, 0, 1], [0, 0, 0, 1, 0, 1, 0, 1, 1, 1, 0, 0, 1, 0, 1], [0, 0, 0, 1, 0, 1, 0, 1, 1, 1, 0, 1, 0, 0, 0], [0, 0, 0, 1, 0, 1, 0, 1, 1, 1, 1, 0, 0, 1, 1], [0, 0, 0, 1, 0, 1, 0, 1, 1, 1, 1, 1, 1, 1, 0], [0, 0, 0, 1, 1, 0, 0, 0, 0, 0, 0, 0, 0, 1, 1], [0, 0, 0, 1, 1, 0, 0, 0, 0, 0, 0, 1, 1, 1, 0], [0, 0, 0, 1, 1, 0, 0, 0, 0, 0, 1, 0, 1, 0, 1], [0, 0, 0, 1, 1, 0, 0, 0, 0, 0, 1, 1, 0, 0, 0], [0, 0, 0, 1, 1, 0, 0, 0, 0, 1, 0, 0, 0, 0, 0], [0, 0, 0, 1, 1, 0, 0, 0, 0, 1, 0, 1, 1, 0, 1], [0, 0, 0, 1, 1, 0, 0, 0, 0, 1, 1, 0, 1, 1, 0], [0, 0, 0, 1, 1, 0, 0, 0, 0, 1, 1, 1, 0, 1, 1], [0, 0, 0, 1, 1, 0, 0, 0, 1, 0, 0, 0, 1, 0, 0], [0, 0, 0, 1, 1, 0, 0, 0, 1, 0, 0, 1, 0, 0, 1], [0, 0, 0, 1, 1, 0, 0, 0, 1, 0, 1, 0, 0, 1, 0], [0, 0, 0, 1, 1, 0, 0, 0, 1, 0, 1, 1, 1, 1, 1], [0, 0, 0, 1, 1, 0, 0, 0, 1, 1, 0, 0, 1, 1, 1], [0, 0, 0, 1, 1, 0, 0, 0, 1, 1, 0, 1, 0, 1, 0], [0, 0, 0, 1, 1, 0, 0, 0, 1, 1, 1, 0, 0, 0, 1], [0, 0, 0, 1, 1, 0, 0, 0, 1, 1, 1, 1, 1, 0, 0], [0, 0, 0, 1, 1, 0, 0, 1, 0, 0, 0, 0, 1, 0, 1], [0, 0, 0, 1, 1, 0, 0, 1, 0, 0, 0, 1, 0, 0, 0], [0, 0, 0, 1, 1, 0, 0, 1, 0, 0, 1, 0, 0, 1, 1], [0, 0, 0, 1, 1, 0, 0, 1, 0, 0, 1, 1, 1, 1, 0], [0, 0, 0, 1, 1, 0, 0, 1, 0, 1, 0, 0, 1, 1, 0], [0, 0, 0, 1, 1, 0, 0, 1, 0, 1, 0, 1, 0, 1, 1], [0, 0, 0, 1, 1, 0, 0, 1, 0, 1, 1, 0, 0, 0, 0], [0, 0, 0, 1, 1, 0, 0, 1, 0, 1, 1, 1, 1, 0, 1], [0, 0, 0, 1, 1, 0, 0, 1, 1, 0, 0, 0, 0, 1, 0], [0, 0, 0, 1, 1, 0, 0, 1, 1, 0, 0, 1, 1, 1, 1], [0, 0, 0, 1, 1, 0, 0, 1, 1, 0, 1, 0, 1, 0, 0], [0, 0, 0, 1, 1, 0, 0, 1, 1, 0, 1, 1, 0, 0, 1], [0, 0, 0, 1, 1, 0, 0, 1, 1, 1, 0, 0, 0, 0, 1], [0, 0, 0, 1, 1, 0, 0, 1, 1, 1, 0, 1, 1, 0, 0], [0, 0, 0, 1, 1, 0, 0, 1, 1, 1, 1, 0, 1, 1, 1], [0, 0, 0, 1, 1, 0, 0, 1, 1, 1, 1, 1, 0, 1, 0], [0, 0, 0, 1, 1, 1, 1, 0, 0, 0, 0, 0, 1, 0, 1], [0, 0, 0, 1, 1, 1, 1, 0, 0, 0, 0, 1, 0, 0, 0], [0, 0, 0, 1, 1, 1, 1, 0, 0, 0, 1, 0, 0, 1, 1], [0, 0, 0, 1, 1, 1, 1, 0, 0, 0, 1, 1, 1, 1, 0], [0, 0, 0, 1, 1, 1, 1, 0, 0, 1, 0, 0, 1, 1, 0], [0, 0, 0, 1, 1, 1, 1, 0, 0, 1, 0, 1, 0, 1, 1], [0, 0, 0, 1, 1, 1, 1, 0, 0, 1, 1, 0, 0, 0, 0], [0, 0, 0, 1, 1, 1, 1, 0, 0, 1, 1, 1, 1, 0, 1], [0, 0, 0, 1, 1, 1, 1, 0, 1, 0, 0, 0, 0, 1, 0], [0, 0, 0, 1, 1, 1, 1, 0, 1, 0, 0, 1, 1, 1, 1], [0, 0, 0, 1, 1, 1, 1, 0, 1, 0, 1, 0, 1, 0, 0], [0, 0, 0, 1, 1, 1, 1, 0, 1, 0, 1, 1, 0, 0, 1], [0, 0, 0, 1, 1, 1, 1, 0, 1, 1, 0, 0, 0, 0, 1], [0, 0, 0, 1, 1, 1, 1, 0, 1, 1, 0, 1, 1, 0, 0], [0, 0, 0, 1, 1, 1, 1, 0, 1, 1, 1, 0, 1, 1, 1], [0, 0, 0, 1, 1, 1, 1, 0, 1, 1, 1, 1, 0, 1, 0], [0, 0, 0, 1, 1, 1, 1, 1, 0, 0, 0, 0, 0, 1, 1], [0, 0, 0, 1, 1, 1, 1, 1, 0, 0, 0, 1, 1, 1, 0], [0, 0, 0, 1, 1, 1, 1, 1, 0, 0, 1, 0, 1, 0, 1], [0, 0, 0, 1, 1, 1, 1, 1, 0, 0, 1, 1, 0, 0, 0], [0, 0, 0, 1, 1, 1, 1, 1, 0, 1, 0, 0, 0, 0, 0], [0, 0, 0, 1, 1, 1, 1, 1, 0, 1, 0, 1, 1, 0, 1], [0, 0, 0, 1, 1, 1, 1, 1, 0, 1, 1, 0, 1, 1, 0], [0, 0, 0, 1, 1, 1, 1, 1, 0, 1, 1, 1, 0, 1, 1], [0, 0, 0, 1, 1, 1, 1, 1, 1, 0, 0, 0, 1, 0, 0], [0, 0, 0, 1, 1, 1, 1, 1, 1, 0, 0, 1, 0, 0, 1], [0, 0, 0, 1, 1, 1, 1, 1, 1, 0, 1, 0, 0, 1, 0], [0, 0, 0, 1, 1, 1, 1, 1, 1, 0, 1, 1, 1, 1, 1], [0, 0, 0, 1, 1, 1, 1, 1, 1, 1, 0, 0, 1, 1, 1], [0, 0, 0, 1, 1, 1, 1, 1, 1, 1, 0, 1, 0, 1, 0], [0, 0, 0, 1, 1, 1, 1, 1, 1, 1, 1, 0, 0, 0, 1], [0, 0, 0, 1, 1, 1, 1, 1, 1, 1, 1, 1, 1, 0, 0], [0, 0, 1, 0, 0, 0, 1, 0, 0, 0, 0, 0, 0, 1, 1], [0, 0, 1, 0, 0, 0, 1, 0, 0, 0, 0, 1, 1, 1, 0], [0, 0, 1, 0, 0, 0, 1, 0, 0, 0, 1, 0, 1, 0, 1], [0, 0, 1, 0, 0, 0, 1, 0, 0, 0, 1, 1, 0, 0, 0], [0, 0, 1, 0, 0, 0, 1, 0, 0, 1, 0, 0, 0, 0, 0], [0, 0, 1, 0, 0, 0, 1, 0, 0, 1, 0, 1, 1, 0, 1], [0, 0, 1, 0, 0, 0, 1, 0, 0, 1, 1, 0, 1, 1, 0], [0, 0, 1, 0, 0, 0, 1, 0, 0, 1, 1, 1, 0, 1, 1], [0, 0, 1, 0, 0, 0, 1, 0, 1, 0, 0, 0, 1, 0, 0], [0, 0, 1, 0, 0, 0, 1, 0, 1, 0, 0, 1, 0, 0, 1], [0, 0, 1, 0, 0, 0, 1, 0, 1, 0, 1, 0, 0, 1, 0], [0, 0, 1, 0, 0, 0, 1, 0, 1, 0, 1, 1, 1, 1, 1], [0, 0, 1, 0, 0, 0, 1, 0, 1, 1, 0, 0, 1, 1, 1], [0, 0, 1, 0, 0, 0, 1, 0, 1, 1, 0, 1, 0, 1, 0], [0, 0, 1, 0, 0, 0, 1, 0, 1, 1, 1, 0, 0, 0, 1], [0, 0, 1, 0, 0, 0, 1, 0, 1, 1, 1, 1, 1, 0, 0], [0, 0, 1, 0, 0, 0, 1, 1, 0, 0, 0, 0, 1, 0, 1], [0, 0, 1, 0, 0, 0, 1, 1, 0, 0, 0, 1, 0, 0, 0], [0, 0, 1, 0, 0, 0, 1, 1, 0, 0, 1, 0, 0, 1, 1], [0, 0, 1, 0, 0, 0, 1, 1, 0, 0, 1, 1, 1, 1, 0], [0, 0, 1, 0, 0, 0, 1, 1, 0, 1, 0, 0, 1, 1, 0], [0, 0, 1, 0, 0, 0, 1, 1, 0, 1, 0, 1, 0, 1, 1], [0, 0, 1, 0, 0, 0, 1, 1, 0, 1, 1, 0, 0, 0, 0], [0, 0, 1, 0, 0, 0, 1, 1, 0, 1, 1, 1, 1, 0, 1], [0, 0, 1, 0, 0, 0, 1, 1, 1, 0, 0, 0, 0, 1, 0], [0, 0, 1, 0, 0, 0, 1, 1, 1, 0, 0, 1, 1, 1, 1], [0, 0, 1, 0, 0, 0, 1, 1, 1, 0, 1, 0, 1, 0, 0], [0, 0, 1, 0, 0, 0, 1, 1, 1, 0, 1, 1, 0, 0, 1], [0, 0, 1, 0, 0, 0, 1, 1, 1, 1, 0, 0, 0, 0, 1], [0, 0, 1, 0, 0, 0, 1, 1, 1, 1, 0, 1, 1, 0, 0], [0, 0, 1, 0, 0, 0, 1, 1, 1, 1, 1, 0, 1, 1, 1], [0, 0, 1, 0, 0, 0, 1, 1, 1, 1, 1, 1, 0, 1, 0], [0, 0, 1, 0, 0, 1, 0, 0, 0, 0, 0, 0, 1, 0, 1], [0, 0, 1, 0, 0, 1, 0, 0, 0, 0, 0, 1, 0, 0, 0], [0, 0, 1, 0, 0, 1, 0, 0, 0, 0, 1, 0, 0, 1, 1], [0, 0, 1, 0, 0, 1, 0, 0, 0, 0, 1, 1, 1, 1, 0], [0, 0, 1, 0, 0, 1, 0, 0, 0, 1, 0, 0, 1, 1, 0], [0, 0, 1, 0, 0, 1, 0, 0, 0, 1, 0, 1, 0, 1, 1], [0, 0, 1, 0, 0, 1, 0, 0, 0, 1, 1, 0, 0, 0, 0], [0, 0, 1, 0, 0, 1, 0, 0, 0, 1, 1, 1, 1, 0, 1], [0, 0, 1, 0, 0, 1, 0, 0, 1, 0, 0, 0, 0, 1, 0], [0, 0, 1, 0, 0, 1, 0, 0, 1, 0, 0, 1, 1, 1, 1], [0, 0, 1, 0, 0, 1, 0, 0, 1, 0, 1, 0, 1, 0, 0], [0, 0, 1, 0, 0, 1, 0, 0, 1, 0, 1, 1, 0, 0, 1], [0, 0, 1, 0, 0, 1, 0, 0, 1, 1, 0, 0, 0, 0, 1], [0, 0, 1, 0, 0, 1, 0, 0, 1, 1, 0, 1, 1, 0, 0], [0, 0, 1, 0, 0, 1, 0, 0, 1, 1, 1, 0, 1, 1, 1], [0, 0, 1, 0, 0, 1, 0, 0, 1, 1, 1, 1, 0, 1, 0], [0, 0, 1, 0, 0, 1, 0, 1, 0, 0, 0, 0, 0, 1, 1], [0, 0, 1, 0, 0, 1, 0, 1, 0, 0, 0, 1, 1, 1, 0], [0, 0, 1, 0, 0, 1, 0, 1, 0, 0, 1, 0, 1, 0, 1], [0, 0, 1, 0, 0, 1, 0, 1, 0, 0, 1, 1, 0, 0, 0], [0, 0, 1, 0, 0, 1, 0, 1, 0, 1, 0, 0, 0, 0, 0], [0, 0, 1, 0, 0, 1, 0, 1, 0, 1, 0, 1, 1, 0, 1], [0, 0, 1, 0, 0, 1, 0, 1, 0, 1, 1, 0, 1, 1, 0], [0, 0, 1, 0, 0, 1, 0, 1, 0, 1, 1, 1, 0, 1, 1], [0, 0, 1, 0, 0, 1, 0, 1, 1, 0, 0, 0, 1, 0, 0], [0, 0, 1, 0, 0, 1, 0, 1, 1, 0, 0, 1, 0, 0, 1], [0, 0, 1, 0, 0, 1, 0, 1, 1, 0, 1, 0, 0, 1, 0], [0, 0, 1, 0, 0, 1, 0, 1, 1, 0, 1, 1, 1, 1, 1], [0, 0, 1, 0, 0, 1, 0, 1, 1, 1, 0, 0, 1, 1, 1], [0, 0, 1, 0, 0, 1, 0, 1, 1, 1, 0, 1, 0, 1, 0], [0, 0, 1, 0, 0, 1, 0, 1, 1, 1, 1, 0, 0, 0, 1], [0, 0, 1, 0, 0, 1, 0, 1, 1, 1, 1, 1, 1, 0, 0], [0, 0, 1, 0, 1, 0, 0, 0, 0, 0, 0, 0, 0, 0, 1], [0, 0, 1, 0, 1, 0, 0, 0, 0, 0, 0, 1, 1, 0, 0], [0, 0, 1, 0, 1, 0, 0, 0, 0, 0, 1, 0, 1, 1, 1], [0, 0, 1, 0, 1, 0, 0, 0, 0, 0, 1, 1, 0, 1, 0], [0, 0, 1, 0, 1, 0, 0, 0, 0, 1, 0, 0, 0, 1, 0], [0, 0, 1, 0, 1, 0, 0, 0, 0, 1, 0, 1, 1, 1, 1], [0, 0, 1, 0, 1, 0, 0, 0, 0, 1, 1, 0, 1, 0, 0], [0, 0, 1, 0, 1, 0, 0, 0, 0, 1, 1, 1, 0, 0, 1], [0, 0, 1, 0, 1, 0, 0, 0, 1, 0, 0, 0, 1, 1, 0], [0, 0, 1, 0, 1, 0, 0, 0, 1, 0, 0, 1, 0, 1, 1], [0, 0, 1, 0, 1, 0, 0, 0, 1, 0, 1, 0, 0, 0, 0], [0, 0, 1, 0, 1, 0, 0, 0, 1, 0, 1, 1, 1, 0, 1], [0, 0, 1, 0, 1, 0, 0, 0, 1, 1, 0, 0, 1, 0, 1], [0, 0, 1, 0, 1, 0, 0, 0, 1, 1, 0, 1, 0, 0, 0], [0, 0, 1, 0, 1, 0, 0, 0, 1, 1, 1, 0, 0, 1, 1], [0, 0, 1, 0, 1, 0, 0, 0, 1, 1, 1, 1, 1, 1, 0], [0, 0, 1, 0, 1, 0, 0, 1, 0, 0, 0, 0, 1, 1, 1], [0, 0, 1, 0, 1, 0, 0, 1, 0, 0, 0, 1, 0, 1, 0], [0, 0, 1, 0, 1, 0, 0, 1, 0, 0, 1, 0, 0, 0, 1], [0, 0, 1, 0, 1, 0, 0, 1, 0, 0, 1, 1, 1, 0, 0], [0, 0, 1, 0, 1, 0, 0, 1, 0, 1, 0, 0, 1, 0, 0], [0, 0, 1, 0, 1, 0, 0, 1, 0, 1, 0, 1, 0, 0, 1], [0, 0, 1, 0, 1, 0, 0, 1, 0, 1, 1, 0, 0, 1, 0], [0, 0, 1, 0, 1, 0, 0, 1, 0, 1, 1, 1, 1, 1, 1], [0, 0, 1, 0, 1, 0, 0, 1, 1, 0, 0, 0, 0, 0, 0], [0, 0, 1, 0, 1, 0, 0, 1, 1, 0, 0, 1, 1, 0, 1], [0, 0, 1, 0, 1, 0, 0, 1, 1, 0, 1, 0, 1, 1, 0], [0, 0, 1, 0, 1, 0, 0, 1, 1, 0, 1, 1, 0, 1, 1], [0, 0, 1, 0, 1, 0, 0, 1, 1, 1, 0, 0, 0, 1, 1], [0, 0, 1, 0, 1, 0, 0, 1, 1, 1, 0, 1, 1, 1, 0], [0, 0, 1, 0, 1, 0, 0, 1, 1, 1, 1, 0, 1, 0, 1], [0, 0, 1, 0, 1, 0, 0, 1, 1, 1, 1, 1, 0, 0, 0], [0, 0, 1, 0, 1, 1, 1, 0, 0, 0, 0, 0, 1, 1, 1], [0, 0, 1, 0, 1, 1, 1, 0, 0, 0, 0, 1, 0, 1, 0], [0, 0, 1, 0, 1, 1, 1, 0, 0, 0, 1, 0, 0, 0, 1], [0, 0, 1, 0, 1, 1, 1, 0, 0, 0, 1, 1, 1, 0, 0], [0, 0, 1, 0, 1, 1, 1, 0, 0, 1, 0, 0, 1, 0, 0], [0, 0, 1, 0, 1, 1, 1, 0, 0, 1, 0, 1, 0, 0, 1], [0, 0, 1, 0, 1, 1, 1, 0, 0, 1, 1, 0, 0, 1, 0], [0, 0, 1, 0, 1, 1, 1, 0, 0, 1, 1, 1, 1, 1, 1], [0, 0, 1, 0, 1, 1, 1, 0, 1, 0, 0, 0, 0, 0, 0], [0, 0, 1, 0, 1, 1, 1, 0, 1, 0, 0, 1, 1, 0, 1], [0, 0, 1, 0, 1, 1, 1, 0, 1, 0, 1, 0, 1, 1, 0], [0, 0, 1, 0, 1, 1, 1, 0, 1, 0, 1, 1, 0, 1, 1], [0, 0, 1, 0, 1, 1, 1, 0, 1, 1, 0, 0, 0, 1, 1], [0, 0, 1, 0, 1, 1, 1, 0, 1, 1, 0, 1, 1, 1, 0], [0, 0, 1, 0, 1, 1, 1, 0, 1, 1, 1, 0, 1, 0, 1], [0, 0, 1, 0, 1, 1, 1, 0, 1, 1, 1, 1, 0, 0, 0], [0, 0, 1, 0, 1, 1, 1, 1, 0, 0, 0, 0, 0, 0, 1], [0, 0, 1, 0, 1, 1, 1, 1, 0, 0, 0, 1, 1, 0, 0], [0, 0, 1, 0, 1, 1, 1, 1, 0, 0, 1, 0, 1, 1, 1], [0, 0, 1, 0, 1, 1, 1, 1, 0, 0, 1, 1, 0, 1, 0], [0, 0, 1, 0, 1, 1, 1, 1, 0, 1, 0, 0, 0, 1, 0], [0, 0, 1, 0, 1, 1, 1, 1, 0, 1, 0, 1, 1, 1, 1], [0, 0, 1, 0, 1, 1, 1, 1, 0, 1, 1, 0, 1, 0, 0], [0, 0, 1, 0, 1, 1, 1, 1, 0, 1, 1, 1, 0, 0, 1], [0, 0, 1, 0, 1, 1, 1, 1, 1, 0, 0, 0, 1, 1, 0], [0, 0, 1, 0, 1, 1, 1, 1, 1, 0, 0, 1, 0, 1, 1], [0, 0, 1, 0, 1, 1, 1, 1, 1, 0, 1, 0, 0, 0, 0], [0, 0, 1, 0, 1, 1, 1, 1, 1, 0, 1, 1, 1, 0, 1], [0, 0, 1, 0, 1, 1, 1, 1, 1, 1, 0, 0, 1, 0, 1], [0, 0, 1, 0, 1, 1, 1, 1, 1, 1, 0, 1, 0, 0, 0], [0, 0, 1, 0, 1, 1, 1, 1, 1, 1, 1, 0, 0, 1, 1], [0, 0, 1, 0, 1, 1, 1, 1, 1, 1, 1, 1, 1, 1, 0], [0, 0, 1, 1, 0, 0, 0, 0, 0, 0, 0, 0, 0, 1, 0], [0, 0, 1, 1, 0, 0, 0, 0, 0, 0, 0, 1, 1, 1, 1], [0, 0, 1, 1, 0, 0, 0, 0, 0, 0, 1, 0, 1, 0, 0], [0, 0, 1, 1, 0, 0, 0, 0, 0, 0, 1, 1, 0, 0, 1], [0, 0, 1, 1, 0, 0, 0, 0, 0, 1, 0, 0, 0, 0, 1], [0, 0, 1, 1, 0, 0, 0, 0, 0, 1, 0, 1, 1, 0, 0], [0, 0, 1, 1, 0, 0, 0, 0, 0, 1, 1, 0, 1, 1, 1], [0, 0, 1, 1, 0, 0, 0, 0, 0, 1, 1, 1, 0, 1, 0], [0, 0, 1, 1, 0, 0, 0, 0, 1, 0, 0, 0, 1, 0, 1], [0, 0, 1, 1, 0, 0, 0, 0, 1, 0, 0, 1, 0, 0, 0], [0, 0, 1, 1, 0, 0, 0, 0, 1, 0, 1, 0, 0, 1, 1], [0, 0, 1, 1, 0, 0, 0, 0, 1, 0, 1, 1, 1, 1, 0], [0, 0, 1, 1, 0, 0, 0, 0, 1, 1, 0, 0, 1, 1, 0], [0, 0, 1, 1, 0, 0, 0, 0, 1, 1, 0, 1, 0, 1, 1], [0, 0, 1, 1, 0, 0, 0, 0, 1, 1, 1, 0, 0, 0, 0], [0, 0, 1, 1, 0, 0, 0, 0, 1, 1, 1, 1, 1, 0, 1], [0, 0, 1, 1, 0, 0, 0, 1, 0, 0, 0, 0, 1, 0, 0], [0, 0, 1, 1, 0, 0, 0, 1, 0, 0, 0, 1, 0, 0, 1], [0, 0, 1, 1, 0, 0, 0, 1, 0, 0, 1, 0, 0, 1, 0], [0, 0, 1, 1, 0, 0, 0, 1, 0, 0, 1, 1, 1, 1, 1], [0, 0, 1, 1, 0, 0, 0, 1, 0, 1, 0, 0, 1, 1, 1], [0, 0, 1, 1, 0, 0, 0, 1, 0, 1, 0, 1, 0, 1, 0], [0, 0, 1, 1, 0, 0, 0, 1, 0, 1, 1, 0, 0, 0, 1], [0, 0, 1, 1, 0, 0, 0, 1, 0, 1, 1, 1, 1, 0, 0], [0, 0, 1, 1, 0, 0, 0, 1, 1, 0, 0, 0, 0, 1, 1], [0, 0, 1, 1, 0, 0, 0, 1, 1, 0, 0, 1, 1, 1, 0], [0, 0, 1, 1, 0, 0, 0, 1, 1, 0, 1, 0, 1, 0, 1], [0, 0, 1, 1, 0, 0, 0, 1, 1, 0, 1, 1, 0, 0, 0], [0, 0, 1, 1, 0, 0, 0, 1, 1, 1, 0, 0, 0, 0, 0], [0, 0, 1, 1, 0, 0, 0, 1, 1, 1, 0, 1, 1, 0, 1], [0, 0, 1, 1, 0, 0, 0, 1, 1, 1, 1, 0, 1, 1, 0], [0, 0, 1, 1, 0, 0, 0, 1, 1, 1, 1, 1, 0, 1, 1], [0, 0, 1, 1, 0, 1, 1, 0, 0, 0, 0, 0, 1, 0, 0], [0, 0, 1, 1, 0, 1, 1, 0, 0, 0, 0, 1, 0, 0, 1], [0, 0, 1, 1, 0, 1, 1, 0, 0, 0, 1, 0, 0, 1, 0], [0, 0, 1, 1, 0, 1, 1, 0, 0, 0, 1, 1, 1, 1, 1], [0, 0, 1, 1, 0, 1, 1, 0, 0, 1, 0, 0, 1, 1, 1], [0, 0, 1, 1, 0, 1, 1, 0, 0, 1, 0, 1, 0, 1, 0], [0, 0, 1, 1, 0, 1, 1, 0, 0, 1, 1, 0, 0, 0, 1], [0, 0, 1, 1, 0, 1, 1, 0, 0, 1, 1, 1, 1, 0, 0], [0, 0, 1, 1, 0, 1, 1, 0, 1, 0, 0, 0, 0, 1, 1], [0, 0, 1, 1, 0, 1, 1, 0, 1, 0, 0, 1, 1, 1, 0], [0, 0, 1, 1, 0, 1, 1, 0, 1, 0, 1, 0, 1, 0, 1], [0, 0, 1, 1, 0, 1, 1, 0, 1, 0, 1, 1, 0, 0, 0], [0, 0, 1, 1, 0, 1, 1, 0, 1, 1, 0, 0, 0, 0, 0], [0, 0, 1, 1, 0, 1, 1, 0, 1, 1, 0, 1, 1, 0, 1], [0, 0, 1, 1, 0, 1, 1, 0, 1, 1, 1, 0, 1, 1, 0], [0, 0, 1, 1, 0, 1, 1, 0, 1, 1, 1, 1, 0, 1, 1], [0, 0, 1, 1, 0, 1, 1, 1, 0, 0, 0, 0, 0, 1, 0], [0, 0, 1, 1, 0, 1, 1, 1, 0, 0, 0, 1, 1, 1, 1], [0, 0, 1, 1, 0, 1, 1, 1, 0, 0, 1, 0, 1, 0, 0], [0, 0, 1, 1, 0, 1, 1, 1, 0, 0, 1, 1, 0, 0, 1], [0, 0, 1, 1, 0, 1, 1, 1, 0, 1, 0, 0, 0, 0, 1], [0, 0, 1, 1, 0, 1, 1, 1, 0, 1, 0, 1, 1, 0, 0], [0, 0, 1, 1, 0, 1, 1, 1, 0, 1, 1, 0, 1, 1, 1], [0, 0, 1, 1, 0, 1, 1, 1, 0, 1, 1, 1, 0, 1, 0], [0, 0, 1, 1, 0, 1, 1, 1, 1, 0, 0, 0, 1, 0, 1], [0, 0, 1, 1, 0, 1, 1, 1, 1, 0, 0, 1, 0, 0, 0], [0, 0, 1, 1, 0, 1, 1, 1, 1, 0, 1, 0, 0, 1, 1], [0, 0, 1, 1, 0, 1, 1, 1, 1, 0, 1, 1, 1, 1, 0], [0, 0, 1, 1, 0, 1, 1, 1, 1, 1, 0, 0, 1, 1, 0], [0, 0, 1, 1, 0, 1, 1, 1, 1, 1, 0, 1, 0, 1, 1], [0, 0, 1, 1, 0, 1, 1, 1, 1, 1, 1, 0, 0, 0, 0], [0, 0, 1, 1, 0, 1, 1, 1, 1, 1, 1, 1, 1, 0, 1], [0, 0, 1, 1, 1, 0, 1, 0, 0, 0, 0, 0, 0, 0, 0], [0, 0, 1, 1, 1, 0, 1, 0, 0, 0, 0, 1, 1, 0, 1], [0, 0, 1, 1, 1, 0, 1, 0, 0, 0, 1, 0, 1, 1, 0], [0, 0, 1, 1, 1, 0, 1, 0, 0, 0, 1, 1, 0, 1, 1], [0, 0, 1, 1, 1, 0, 1, 0, 0, 1, 0, 0, 0, 1, 1], [0, 0, 1, 1, 1, 0, 1, 0, 0, 1, 0, 1, 1, 1, 0], [0, 0, 1, 1, 1, 0, 1, 0, 0, 1, 1, 0, 1, 0, 1], [0, 0, 1, 1, 1, 0, 1, 0, 0, 1, 1, 1, 0, 0, 0], [0, 0, 1, 1, 1, 0, 1, 0, 1, 0, 0, 0, 1, 1, 1], [0, 0, 1, 1, 1, 0, 1, 0, 1, 0, 0, 1, 0, 1, 0], [0, 0, 1, 1, 1, 0, 1, 0, 1, 0, 1, 0, 0, 0, 1], [0, 0, 1, 1, 1, 0, 1, 0, 1, 0, 1, 1, 1, 0, 0], [0, 0, 1, 1, 1, 0, 1, 0, 1, 1, 0, 0, 1, 0, 0], [0, 0, 1, 1, 1, 0, 1, 0, 1, 1, 0, 1, 0, 0, 1], [0, 0, 1, 1, 1, 0, 1, 0, 1, 1, 1, 0, 0, 1, 0], [0, 0, 1, 1, 1, 0, 1, 0, 1, 1, 1, 1, 1, 1, 1], [0, 0, 1, 1, 1, 0, 1, 1, 0, 0, 0, 0, 1, 1, 0], [0, 0, 1, 1, 1, 0, 1, 1, 0, 0, 0, 1, 0, 1, 1], [0, 0, 1, 1, 1, 0, 1, 1, 0, 0, 1, 0, 0, 0, 0], [0, 0, 1, 1, 1, 0, 1, 1, 0, 0, 1, 1, 1, 0, 1], [0, 0, 1, 1, 1, 0, 1, 1, 0, 1, 0, 0, 1, 0, 1], [0, 0, 1, 1, 1, 0, 1, 1, 0, 1, 0, 1, 0, 0, 0], [0, 0, 1, 1, 1, 0, 1, 1, 0, 1, 1, 0, 0, 1, 1], [0, 0, 1, 1, 1, 0, 1, 1, 0, 1, 1, 1, 1, 1, 0], [0, 0, 1, 1, 1, 0, 1, 1, 1, 0, 0, 0, 0, 0, 1], [0, 0, 1, 1, 1, 0, 1, 1, 1, 0, 0, 1, 1, 0, 0], [0, 0, 1, 1, 1, 0, 1, 1, 1, 0, 1, 0, 1, 1, 1], [0, 0, 1, 1, 1, 0, 1, 1, 1, 0, 1, 1, 0, 1, 0], [0, 0, 1, 1, 1, 0, 1, 1, 1, 1, 0, 0, 0, 1, 0], [0, 0, 1, 1, 1, 0, 1, 1, 1, 1, 0, 1, 1, 1, 1], [0, 0, 1, 1, 1, 0, 1, 1, 1, 1, 1, 0, 1, 0, 0], [0, 0, 1, 1, 1, 0, 1, 1, 1, 1, 1, 1, 0, 0, 1], [0, 0, 1, 1, 1, 1, 0, 0, 0, 0, 0, 0, 1, 1, 0], [0, 0, 1, 1, 1, 1, 0, 0, 0, 0, 0, 1, 0, 1, 1], [0, 0, 1, 1, 1, 1, 0, 0, 0, 0, 1, 0, 0, 0, 0], [0, 0, 1, 1, 1, 1, 0, 0, 0, 0, 1, 1, 1, 0, 1], [0, 0, 1, 1, 1, 1, 0, 0, 0, 1, 0, 0, 1, 0, 1], [0, 0, 1, 1, 1, 1, 0, 0, 0, 1, 0, 1, 0, 0, 0], [0, 0, 1, 1, 1, 1, 0, 0, 0, 1, 1, 0, 0, 1, 1], [0, 0, 1, 1, 1, 1, 0, 0, 0, 1, 1, 1, 1, 1, 0], [0, 0, 1, 1, 1, 1, 0, 0, 1, 0, 0, 0, 0, 0, 1], [0, 0, 1, 1, 1, 1, 0, 0, 1, 0, 0, 1, 1, 0, 0], [0, 0, 1, 1, 1, 1, 0, 0, 1, 0, 1, 0, 1, 1, 1], [0, 0, 1, 1, 1, 1, 0, 0, 1, 0, 1, 1, 0, 1, 0], [0, 0, 1, 1, 1, 1, 0, 0, 1, 1, 0, 0, 0, 1, 0], [0, 0, 1, 1, 1, 1, 0, 0, 1, 1, 0, 1, 1, 1, 1], [0, 0, 1, 1, 1, 1, 0, 0, 1, 1, 1, 0, 1, 0, 0], [0, 0, 1, 1, 1, 1, 0, 0, 1, 1, 1, 1, 0, 0, 1], [0, 0, 1, 1, 1, 1, 0, 1, 0, 0, 0, 0, 0, 0, 0], [0, 0, 1, 1, 1, 1, 0, 1, 0, 0, 0, 1, 1, 0, 1], [0, 0, 1, 1, 1, 1, 0, 1, 0, 0, 1, 0, 1, 1, 0], [0, 0, 1, 1, 1, 1, 0, 1, 0, 0, 1, 1, 0, 1, 1], [0, 0, 1, 1, 1, 1, 0, 1, 0, 1, 0, 0, 0, 1, 1], [0, 0, 1, 1, 1, 1, 0, 1, 0, 1, 0, 1, 1, 1, 0], [0, 0, 1, 1, 1, 1, 0, 1, 0, 1, 1, 0, 1, 0, 1], [0, 0, 1, 1, 1, 1, 0, 1, 0, 1, 1, 1, 0, 0, 0], [0, 0, 1, 1, 1, 1, 0, 1, 1, 0, 0, 0, 1, 1, 1], [0, 0, 1, 1, 1, 1, 0, 1, 1, 0, 0, 1, 0, 1, 0], [0, 0, 1, 1, 1, 1, 0, 1, 1, 0, 1, 0, 0, 0, 1], [0, 0, 1, 1, 1, 1, 0, 1, 1, 0, 1, 1, 1, 0, 0], [0, 0, 1, 1, 1, 1, 0, 1, 1, 1, 0, 0, 1, 0, 0], [0, 0, 1, 1, 1, 1, 0, 1, 1, 1, 0, 1, 0, 0, 1], [0, 0, 1, 1, 1, 1, 0, 1, 1, 1, 1, 0, 0, 1, 0], [0, 0, 1, 1, 1, 1, 0, 1, 1, 1, 1, 1, 1, 1, 1], [0, 1, 0, 0, 0, 0, 1, 0, 0, 0, 0, 0, 1, 1, 1], [0, 1, 0, 0, 0, 0, 1, 0, 0, 0, 0, 1, 0, 1, 0], [0, 1, 0, 0, 0, 0, 1, 0, 0, 0, 1, 0, 0, 0, 1], [0, 1, 0, 0, 0, 0, 1, 0, 0, 0, 1, 1, 1, 0, 0], [0, 1, 0, 0, 0, 0, 1, 0, 0, 1, 0, 0, 1, 0, 0], [0, 1, 0, 0, 0, 0, 1, 0, 0, 1, 0, 1, 0, 0, 1], [0, 1, 0, 0, 0, 0, 1, 0, 0, 1, 1, 0, 0, 1, 0], [0, 1, 0, 0, 0, 0, 1, 0, 0, 1, 1, 1, 1, 1, 1], [0, 1, 0, 0, 0, 0, 1, 0, 1, 0, 0, 0, 0, 0, 0], [0, 1, 0, 0, 0, 0, 1, 0, 1, 0, 0, 1, 1, 0, 1], [0, 1, 0, 0, 0, 0, 1, 0, 1, 0, 1, 0, 1, 1, 0], [0, 1, 0, 0, 0, 0, 1, 0, 1, 0, 1, 1, 0, 1, 1], [0, 1, 0, 0, 0, 0, 1, 0, 1, 1, 0, 0, 0, 1, 1], [0, 1, 0, 0, 0, 0, 1, 0, 1, 1, 0, 1, 1, 1, 0], [0, 1, 0, 0, 0, 0, 1, 0, 1, 1, 1, 0, 1, 0, 1], [0, 1, 0, 0, 0, 0, 1, 0, 1, 1, 1, 1, 0, 0, 0], [0, 1, 0, 0, 0, 0, 1, 1, 0, 0, 0, 0, 0, 0, 1], [0, 1, 0, 0, 0, 0, 1, 1, 0, 0, 0, 1, 1, 0, 0], [0, 1, 0, 0, 0, 0, 1, 1, 0, 0, 1, 0, 1, 1, 1], [0, 1, 0, 0, 0, 0, 1, 1, 0, 0, 1, 1, 0, 1, 0], [0, 1, 0, 0, 0, 0, 1, 1, 0, 1, 0, 0, 0, 1, 0], [0, 1, 0, 0, 0, 0, 1, 1, 0, 1, 0, 1, 1, 1, 1], [0, 1, 0, 0, 0, 0, 1, 1, 0, 1, 1, 0, 1, 0, 0], [0, 1, 0, 0, 0, 0, 1, 1, 0, 1, 1, 1, 0, 0, 1], [0, 1, 0, 0, 0, 0, 1, 1, 1, 0, 0, 0, 1, 1, 0], [0, 1, 0, 0, 0, 0, 1, 1, 1, 0, 0, 1, 0, 1, 1], [0, 1, 0, 0, 0, 0, 1, 1, 1, 0, 1, 0, 0, 0, 0], [0, 1, 0, 0, 0, 0, 1, 1, 1, 0, 1, 1, 1, 0, 1], [0, 1, 0, 0, 0, 0, 1, 1, 1, 1, 0, 0, 1, 0, 1], [0, 1, 0, 0, 0, 0, 1, 1, 1, 1, 0, 1, 0, 0, 0], [0, 1, 0, 0, 0, 0, 1, 1, 1, 1, 1, 0, 0, 1, 1], [0, 1, 0, 0, 0, 0, 1, 1, 1, 1, 1, 1, 1, 1, 0], [0, 1, 0, 0, 0, 1, 0, 0, 0, 0, 0, 0, 0, 0, 1], [0, 1, 0, 0, 0, 1, 0, 0, 0, 0, 0, 1, 1, 0, 0], [0, 1, 0, 0, 0, 1, 0, 0, 0, 0, 1, 0, 1, 1, 1], [0, 1, 0, 0, 0, 1, 0, 0, 0, 0, 1, 1, 0, 1, 0], [0, 1, 0, 0, 0, 1, 0, 0, 0, 1, 0, 0, 0, 1, 0], [0, 1, 0, 0, 0, 1, 0, 0, 0, 1, 0, 1, 1, 1, 1], [0, 1, 0, 0, 0, 1, 0, 0, 0, 1, 1, 0, 1, 0, 0], [0, 1, 0, 0, 0, 1, 0, 0, 0, 1, 1, 1, 0, 0, 1], [0, 1, 0, 0, 0, 1, 0, 0, 1, 0, 0, 0, 1, 1, 0], [0, 1, 0, 0, 0, 1, 0, 0, 1, 0, 0, 1, 0, 1, 1], [0, 1, 0, 0, 0, 1, 0, 0, 1, 0, 1, 0, 0, 0, 0], [0, 1, 0, 0, 0, 1, 0, 0, 1, 0, 1, 1, 1, 0, 1], [0, 1, 0, 0, 0, 1, 0, 0, 1, 1, 0, 0, 1, 0, 1], [0, 1, 0, 0, 0, 1, 0, 0, 1, 1, 0, 1, 0, 0, 0], [0, 1, 0, 0, 0, 1, 0, 0, 1, 1, 1, 0, 0, 1, 1], [0, 1, 0, 0, 0, 1, 0, 0, 1, 1, 1, 1, 1, 1, 0], [0, 1, 0, 0, 0, 1, 0, 1, 0, 0, 0, 0, 1, 1, 1], [0, 1, 0, 0, 0, 1, 0, 1, 0, 0, 0, 1, 0, 1, 0], [0, 1, 0, 0, 0, 1, 0, 1, 0, 0, 1, 0, 0, 0, 1], [0, 1, 0, 0, 0, 1, 0, 1, 0, 0, 1, 1, 1, 0, 0], [0, 1, 0, 0, 0, 1, 0, 1, 0, 1, 0, 0, 1, 0, 0], [0, 1, 0, 0, 0, 1, 0, 1, 0, 1, 0, 1, 0, 0, 1], [0, 1, 0, 0, 0, 1, 0, 1, 0, 1, 1, 0, 0, 1, 0], [0, 1, 0, 0, 0, 1, 0, 1, 0, 1, 1, 1, 1, 1, 1], [0, 1, 0, 0, 0, 1, 0, 1, 1, 0, 0, 0, 0, 0, 0], [0, 1, 0, 0, 0, 1, 0, 1, 1, 0, 0, 1, 1, 0, 1], [0, 1, 0, 0, 0, 1, 0, 1, 1, 0, 1, 0, 1, 1, 0], [0, 1, 0, 0, 0, 1, 0, 1, 1, 0, 1, 1, 0, 1, 1], [0, 1, 0, 0, 0, 1, 0, 1, 1, 1, 0, 0, 0, 1, 1], [0, 1, 0, 0, 0, 1, 0, 1, 1, 1, 0, 1, 1, 1, 0], [0, 1, 0, 0, 0, 1, 0, 1, 1, 1, 1, 0, 1, 0, 1], [0, 1, 0, 0, 0, 1, 0, 1, 1, 1, 1, 1, 0, 0, 0], [0, 1, 0, 0, 1, 0, 0, 0, 0, 0, 0, 0, 1, 0, 1], [0, 1, 0, 0, 1, 0, 0, 0, 0, 0, 0, 1, 0, 0, 0], [0, 1, 0, 0, 1, 0, 0, 0, 0, 0, 1, 0, 0, 1, 1], [0, 1, 0, 0, 1, 0, 0, 0, 0, 0, 1, 1, 1, 1, 0], [0, 1, 0, 0, 1, 0, 0, 0, 0, 1, 0, 0, 1, 1, 0], [0, 1, 0, 0, 1, 0, 0, 0, 0, 1, 0, 1, 0, 1, 1], [0, 1, 0, 0, 1, 0, 0, 0, 0, 1, 1, 0, 0, 0, 0], [0, 1, 0, 0, 1, 0, 0, 0, 0, 1, 1, 1, 1, 0, 1], [0, 1, 0, 0, 1, 0, 0, 0, 1, 0, 0, 0, 0, 1, 0], [0, 1, 0, 0, 1, 0, 0, 0, 1, 0, 0, 1, 1, 1, 1], [0, 1, 0, 0, 1, 0, 0, 0, 1, 0, 1, 0, 1, 0, 0], [0, 1, 0, 0, 1, 0, 0, 0, 1, 0, 1, 1, 0, 0, 1], [0, 1, 0, 0, 1, 0, 0, 0, 1, 1, 0, 0, 0, 0, 1], [0, 1, 0, 0, 1, 0, 0, 0, 1, 1, 0, 1, 1, 0, 0], [0, 1, 0, 0, 1, 0, 0, 0, 1, 1, 1, 0, 1, 1, 1], [0, 1, 0, 0, 1, 0, 0, 0, 1, 1, 1, 1, 0, 1, 0], [0, 1, 0, 0, 1, 0, 0, 1, 0, 0, 0, 0, 0, 1, 1], [0, 1, 0, 0, 1, 0, 0, 1, 0, 0, 0, 1, 1, 1, 0], [0, 1, 0, 0, 1, 0, 0, 1, 0, 0, 1, 0, 1, 0, 1], [0, 1, 0, 0, 1, 0, 0, 1, 0, 0, 1, 1, 0, 0, 0], [0, 1, 0, 0, 1, 0, 0, 1, 0, 1, 0, 0, 0, 0, 0], [0, 1, 0, 0, 1, 0, 0, 1, 0, 1, 0, 1, 1, 0, 1], [0, 1, 0, 0, 1, 0, 0, 1, 0, 1, 1, 0, 1, 1, 0], [0, 1, 0, 0, 1, 0, 0, 1, 0, 1, 1, 1, 0, 1, 1], [0, 1, 0, 0, 1, 0, 0, 1, 1, 0, 0, 0, 1, 0, 0], [0, 1, 0, 0, 1, 0, 0, 1, 1, 0, 0, 1, 0, 0, 1], [0, 1, 0, 0, 1, 0, 0, 1, 1, 0, 1, 0, 0, 1, 0], [0, 1, 0, 0, 1, 0, 0, 1, 1, 0, 1, 1, 1, 1, 1], [0, 1, 0, 0, 1, 0, 0, 1, 1, 1, 0, 0, 1, 1, 1], [0, 1, 0, 0, 1, 0, 0, 1, 1, 1, 0, 1, 0, 1, 0], [0, 1, 0, 0, 1, 0, 0, 1, 1, 1, 1, 0, 0, 0, 1], [0, 1, 0, 0, 1, 0, 0, 1, 1, 1, 1, 1, 1, 0, 0], [0, 1, 0, 0, 1, 1, 1, 0, 0, 0, 0, 0, 0, 1, 1], [0, 1, 0, 0, 1, 1, 1, 0, 0, 0, 0, 1, 1, 1, 0], [0, 1, 0, 0, 1, 1, 1, 0, 0, 0, 1, 0, 1, 0, 1], [0, 1, 0, 0, 1, 1, 1, 0, 0, 0, 1, 1, 0, 0, 0], [0, 1, 0, 0, 1, 1, 1, 0, 0, 1, 0, 0, 0, 0, 0], [0, 1, 0, 0, 1, 1, 1, 0, 0, 1, 0, 1, 1, 0, 1], [0, 1, 0, 0, 1, 1, 1, 0, 0, 1, 1, 0, 1, 1, 0], [0, 1, 0, 0, 1, 1, 1, 0, 0, 1, 1, 1, 0, 1, 1], [0, 1, 0, 0, 1, 1, 1, 0, 1, 0, 0, 0, 1, 0, 0], [0, 1, 0, 0, 1, 1, 1, 0, 1, 0, 0, 1, 0, 0, 1], [0, 1, 0, 0, 1, 1, 1, 0, 1, 0, 1, 0, 0, 1, 0], [0, 1, 0, 0, 1, 1, 1, 0, 1, 0, 1, 1, 1, 1, 1], [0, 1, 0, 0, 1, 1, 1, 0, 1, 1, 0, 0, 1, 1, 1], [0, 1, 0, 0, 1, 1, 1, 0, 1, 1, 0, 1, 0, 1, 0], [0, 1, 0, 0, 1, 1, 1, 0, 1, 1, 1, 0, 0, 0, 1], [0, 1, 0, 0, 1, 1, 1, 0, 1, 1, 1, 1, 1, 0, 0], [0, 1, 0, 0, 1, 1, 1, 1, 0, 0, 0, 0, 1, 0, 1], [0, 1, 0, 0, 1, 1, 1, 1, 0, 0, 0, 1, 0, 0, 0], [0, 1, 0, 0, 1, 1, 1, 1, 0, 0, 1, 0, 0, 1, 1], [0, 1, 0, 0, 1, 1, 1, 1, 0, 0, 1, 1, 1, 1, 0], [0, 1, 0, 0, 1, 1, 1, 1, 0, 1, 0, 0, 1, 1, 0], [0, 1, 0, 0, 1, 1, 1, 1, 0, 1, 0, 1, 0, 1, 1], [0, 1, 0, 0, 1, 1, 1, 1, 0, 1, 1, 0, 0, 0, 0], [0, 1, 0, 0, 1, 1, 1, 1, 0, 1, 1, 1, 1, 0, 1], [0, 1, 0, 0, 1, 1, 1, 1, 1, 0, 0, 0, 0, 1, 0], [0, 1, 0, 0, 1, 1, 1, 1, 1, 0, 0, 1, 1, 1, 1], [0, 1, 0, 0, 1, 1, 1, 1, 1, 0, 1, 0, 1, 0, 0], [0, 1, 0, 0, 1, 1, 1, 1, 1, 0, 1, 1, 0, 0, 1], [0, 1, 0, 0, 1, 1, 1, 1, 1, 1, 0, 0, 0, 0, 1], [0, 1, 0, 0, 1, 1, 1, 1, 1, 1, 0, 1, 1, 0, 0], [0, 1, 0, 0, 1, 1, 1, 1, 1, 1, 1, 0, 1, 1, 1], [0, 1, 0, 0, 1, 1, 1, 1, 1, 1, 1, 1, 0, 1, 0], [0, 1, 0, 1, 0, 0, 0, 0, 0, 0, 0, 0, 1, 1, 0], [0, 1, 0, 1, 0, 0, 0, 0, 0, 0, 0, 1, 0, 1, 1], [0, 1, 0, 1, 0, 0, 0, 0, 0, 0, 1, 0, 0, 0, 0], [0, 1, 0, 1, 0, 0, 0, 0, 0, 0, 1, 1, 1, 0, 1], [0, 1, 0, 1, 0, 0, 0, 0, 0, 1, 0, 0, 1, 0, 1], [0, 1, 0, 1, 0, 0, 0, 0, 0, 1, 0, 1, 0, 0, 0], [0, 1, 0, 1, 0, 0, 0, 0, 0, 1, 1, 0, 0, 1, 1], [0, 1, 0, 1, 0, 0, 0, 0, 0, 1, 1, 1, 1, 1, 0], [0, 1, 0, 1, 0, 0, 0, 0, 1, 0, 0, 0, 0, 0, 1], [0, 1, 0, 1, 0, 0, 0, 0, 1, 0, 0, 1, 1, 0, 0], [0, 1, 0, 1, 0, 0, 0, 0, 1, 0, 1, 0, 1, 1, 1], [0, 1, 0, 1, 0, 0, 0, 0, 1, 0, 1, 1, 0, 1, 0], [0, 1, 0, 1, 0, 0, 0, 0, 1, 1, 0, 0, 0, 1, 0], [0, 1, 0, 1, 0, 0, 0, 0, 1, 1, 0, 1, 1, 1, 1], [0, 1, 0, 1, 0, 0, 0, 0, 1, 1, 1, 0, 1, 0, 0], [0, 1, 0, 1, 0, 0, 0, 0, 1, 1, 1, 1, 0, 0, 1], [0, 1, 0, 1, 0, 0, 0, 1, 0, 0, 0, 0, 0, 0, 0], [0, 1, 0, 1, 0, 0, 0, 1, 0, 0, 0, 1, 1, 0, 1], [0, 1, 0, 1, 0, 0, 0, 1, 0, 0, 1, 0, 1, 1, 0], [0, 1, 0, 1, 0, 0, 0, 1, 0, 0, 1, 1, 0, 1, 1], [0, 1, 0, 1, 0, 0, 0, 1, 0, 1, 0, 0, 0, 1, 1], [0, 1, 0, 1, 0, 0, 0, 1, 0, 1, 0, 1, 1, 1, 0], [0, 1, 0, 1, 0, 0, 0, 1, 0, 1, 1, 0, 1, 0, 1], [0, 1, 0, 1, 0, 0, 0, 1, 0, 1, 1, 1, 0, 0, 0], [0, 1, 0, 1, 0, 0, 0, 1, 1, 0, 0, 0, 1, 1, 1], [0, 1, 0, 1, 0, 0, 0, 1, 1, 0, 0, 1, 0, 1, 0], [0, 1, 0, 1, 0, 0, 0, 1, 1, 0, 1, 0, 0, 0, 1], [0, 1, 0, 1, 0, 0, 0, 1, 1, 0, 1, 1, 1, 0, 0], [0, 1, 0, 1, 0, 0, 0, 1, 1, 1, 0, 0, 1, 0, 0], [0, 1, 0, 1, 0, 0, 0, 1, 1, 1, 0, 1, 0, 0, 1], [0, 1, 0, 1, 0, 0, 0, 1, 1, 1, 1, 0, 0, 1, 0], [0, 1, 0, 1, 0, 0, 0, 1, 1, 1, 1, 1, 1, 1, 1], [0, 1, 0, 1, 0, 1, 1, 0, 0, 0, 0, 0, 0, 0, 0], [0, 1, 0, 1, 0, 1, 1, 0, 0, 0, 0, 1, 1, 0, 1], [0, 1, 0, 1, 0, 1, 1, 0, 0, 0, 1, 0, 1, 1, 0], [0, 1, 0, 1, 0, 1, 1, 0, 0, 0, 1, 1, 0, 1, 1], [0, 1, 0, 1, 0, 1, 1, 0, 0, 1, 0, 0, 0, 1, 1], [0, 1, 0, 1, 0, 1, 1, 0, 0, 1, 0, 1, 1, 1, 0], [0, 1, 0, 1, 0, 1, 1, 0, 0, 1, 1, 0, 1, 0, 1], [0, 1, 0, 1, 0, 1, 1, 0, 0, 1, 1, 1, 0, 0, 0], [0, 1, 0, 1, 0, 1, 1, 0, 1, 0, 0, 0, 1, 1, 1], [0, 1, 0, 1, 0, 1, 1, 0, 1, 0, 0, 1, 0, 1, 0], [0, 1, 0, 1, 0, 1, 1, 0, 1, 0, 1, 0, 0, 0, 1], [0, 1, 0, 1, 0, 1, 1, 0, 1, 0, 1, 1, 1, 0, 0], [0, 1, 0, 1, 0, 1, 1, 0, 1, 1, 0, 0, 1, 0, 0], [0, 1, 0, 1, 0, 1, 1, 0, 1, 1, 0, 1, 0, 0, 1], [0, 1, 0, 1, 0, 1, 1, 0, 1, 1, 1, 0, 0, 1, 0], [0, 1, 0, 1, 0, 1, 1, 0, 1, 1, 1, 1, 1, 1, 1], [0, 1, 0, 1, 0, 1, 1, 1, 0, 0, 0, 0, 1, 1, 0], [0, 1, 0, 1, 0, 1, 1, 1, 0, 0, 0, 1, 0, 1, 1], [0, 1, 0, 1, 0, 1, 1, 1, 0, 0, 1, 0, 0, 0, 0], [0, 1, 0, 1, 0, 1, 1, 1, 0, 0, 1, 1, 1, 0, 1], [0, 1, 0, 1, 0, 1, 1, 1, 0, 1, 0, 0, 1, 0, 1], [0, 1, 0, 1, 0, 1, 1, 1, 0, 1, 0, 1, 0, 0, 0], [0, 1, 0, 1, 0, 1, 1, 1, 0, 1, 1, 0, 0, 1, 1], [0, 1, 0, 1, 0, 1, 1, 1, 0, 1, 1, 1, 1, 1, 0], [0, 1, 0, 1, 0, 1, 1, 1, 1, 0, 0, 0, 0, 0, 1], [0, 1, 0, 1, 0, 1, 1, 1, 1, 0, 0, 1, 1, 0, 0], [0, 1, 0, 1, 0, 1, 1, 1, 1, 0, 1, 0, 1, 1, 1], [0, 1, 0, 1, 0, 1, 1, 1, 1, 0, 1, 1, 0, 1, 0], [0, 1, 0, 1, 0, 1, 1, 1, 1, 1, 0, 0, 0, 1, 0], [0, 1, 0, 1, 0, 1, 1, 1, 1, 1, 0, 1, 1, 1, 1], [0, 1, 0, 1, 0, 1, 1, 1, 1, 1, 1, 0, 1, 0, 0], [0, 1, 0, 1, 0, 1, 1, 1, 1, 1, 1, 1, 0, 0, 1], [0, 1, 0, 1, 1, 0, 1, 0, 0, 0, 0, 0, 1, 0, 0], [0, 1, 0, 1, 1, 0, 1, 0, 0, 0, 0, 1, 0, 0, 1], [0, 1, 0, 1, 1, 0, 1, 0, 0, 0, 1, 0, 0, 1, 0], [0, 1, 0, 1, 1, 0, 1, 0, 0, 0, 1, 1, 1, 1, 1], [0, 1, 0, 1, 1, 0, 1, 0, 0, 1, 0, 0, 1, 1, 1], [0, 1, 0, 1, 1, 0, 1, 0, 0, 1, 0, 1, 0, 1, 0], [0, 1, 0, 1, 1, 0, 1, 0, 0, 1, 1, 0, 0, 0, 1], [0, 1, 0, 1, 1, 0, 1, 0, 0, 1, 1, 1, 1, 0, 0], [0, 1, 0, 1, 1, 0, 1, 0, 1, 0, 0, 0, 0, 1, 1], [0, 1, 0, 1, 1, 0, 1, 0, 1, 0, 0, 1, 1, 1, 0], [0, 1, 0, 1, 1, 0, 1, 0, 1, 0, 1, 0, 1, 0, 1], [0, 1, 0, 1, 1, 0, 1, 0, 1, 0, 1, 1, 0, 0, 0], [0, 1, 0, 1, 1, 0, 1, 0, 1, 1, 0, 0, 0, 0, 0], [0, 1, 0, 1, 1, 0, 1, 0, 1, 1, 0, 1, 1, 0, 1], [0, 1, 0, 1, 1, 0, 1, 0, 1, 1, 1, 0, 1, 1, 0], [0, 1, 0, 1, 1, 0, 1, 0, 1, 1, 1, 1, 0, 1, 1], [0, 1, 0, 1, 1, 0, 1, 1, 0, 0, 0, 0, 0, 1, 0], [0, 1, 0, 1, 1, 0, 1, 1, 0, 0, 0, 1, 1, 1, 1], [0, 1, 0, 1, 1, 0, 1, 1, 0, 0, 1, 0, 1, 0, 0], [0, 1, 0, 1, 1, 0, 1, 1, 0, 0, 1, 1, 0, 0, 1], [0, 1, 0, 1, 1, 0, 1, 1, 0, 1, 0, 0, 0, 0, 1], [0, 1, 0, 1, 1, 0, 1, 1, 0, 1, 0, 1, 1, 0, 0], [0, 1, 0, 1, 1, 0, 1, 1, 0, 1, 1, 0, 1, 1, 1], [0, 1, 0, 1, 1, 0, 1, 1, 0, 1, 1, 1, 0, 1, 0], [0, 1, 0, 1, 1, 0, 1, 1, 1, 0, 0, 0, 1, 0, 1], [0, 1, 0, 1, 1, 0, 1, 1, 1, 0, 0, 1, 0, 0, 0], [0, 1, 0, 1, 1, 0, 1, 1, 1, 0, 1, 0, 0, 1, 1], [0, 1, 0, 1, 1, 0, 1, 1, 1, 0, 1, 1, 1, 1, 0], [0, 1, 0, 1, 1, 0, 1, 1, 1, 1, 0, 0, 1, 1, 0], [0, 1, 0, 1, 1, 0, 1, 1, 1, 1, 0, 1, 0, 1, 1], [0, 1, 0, 1, 1, 0, 1, 1, 1, 1, 1, 0, 0, 0, 0], [0, 1, 0, 1, 1, 0, 1, 1, 1, 1, 1, 1, 1, 0, 1], [0, 1, 0, 1, 1, 1, 0, 0, 0, 0, 0, 0, 0, 1, 0], [0, 1, 0, 1, 1, 1, 0, 0, 0, 0, 0, 1, 1, 1, 1], [0, 1, 0, 1, 1, 1, 0, 0, 0, 0, 1, 0, 1, 0, 0], [0, 1, 0, 1, 1, 1, 0, 0, 0, 0, 1, 1, 0, 0, 1], [0, 1, 0, 1, 1, 1, 0, 0, 0, 1, 0, 0, 0, 0, 1], [0, 1, 0, 1, 1, 1, 0, 0, 0, 1, 0, 1, 1, 0, 0], [0, 1, 0, 1, 1, 1, 0, 0, 0, 1, 1, 0, 1, 1, 1], [0, 1, 0, 1, 1, 1, 0, 0, 0, 1, 1, 1, 0, 1, 0], [0, 1, 0, 1, 1, 1, 0, 0, 1, 0, 0, 0, 1, 0, 1], [0, 1, 0, 1, 1, 1, 0, 0, 1, 0, 0, 1, 0, 0, 0], [0, 1, 0, 1, 1, 1, 0, 0, 1, 0, 1, 0, 0, 1, 1], [0, 1, 0, 1, 1, 1, 0, 0, 1, 0, 1, 1, 1, 1, 0], [0, 1, 0, 1, 1, 1, 0, 0, 1, 1, 0, 0, 1, 1, 0], [0, 1, 0, 1, 1, 1, 0, 0, 1, 1, 0, 1, 0, 1, 1], [0, 1, 0, 1, 1, 1, 0, 0, 1, 1, 1, 0, 0, 0, 0], [0, 1, 0, 1, 1, 1, 0, 0, 1, 1, 1, 1, 1, 0, 1], [0, 1, 0, 1, 1, 1, 0, 1, 0, 0, 0, 0, 1, 0, 0], [0, 1, 0, 1, 1, 1, 0, 1, 0, 0, 0, 1, 0, 0, 1], [0, 1, 0, 1, 1, 1, 0, 1, 0, 0, 1, 0, 0, 1, 0], [0, 1, 0, 1, 1, 1, 0, 1, 0, 0, 1, 1, 1, 1, 1], [0, 1, 0, 1, 1, 1, 0, 1, 0, 1, 0, 0, 1, 1, 1], [0, 1, 0, 1, 1, 1, 0, 1, 0, 1, 0, 1, 0, 1, 0], [0, 1, 0, 1, 1, 1, 0, 1, 0, 1, 1, 0, 0, 0, 1], [0, 1, 0, 1, 1, 1, 0, 1, 0, 1, 1, 1, 1, 0, 0], [0, 1, 0, 1, 1, 1, 0, 1, 1, 0, 0, 0, 0, 1, 1], [0, 1, 0, 1, 1, 1, 0, 1, 1, 0, 0, 1, 1, 1, 0], [0, 1, 0, 1, 1, 1, 0, 1, 1, 0, 1, 0, 1, 0, 1], [0, 1, 0, 1, 1, 1, 0, 1, 1, 0, 1, 1, 0, 0, 0], [0, 1, 0, 1, 1, 1, 0, 1, 1, 1, 0, 0, 0, 0, 0], [0, 1, 0, 1, 1, 1, 0, 1, 1, 1, 0, 1, 1, 0, 1], [0, 1, 0, 1, 1, 1, 0, 1, 1, 1, 1, 0, 1, 1, 0], [0, 1, 0, 1, 1, 1, 0, 1, 1, 1, 1, 1, 0, 1, 1], [0, 1, 1, 0, 0, 0, 0, 0, 0, 0, 0, 0, 1, 0, 0], [0, 1, 1, 0, 0, 0, 0, 0, 0, 0, 0, 1, 0, 0, 1], [0, 1, 1, 0, 0, 0, 0, 0, 0, 0, 1, 0, 0, 1, 0], [0, 1, 1, 0, 0, 0, 0, 0, 0, 0, 1, 1, 1, 1, 1], [0, 1, 1, 0, 0, 0, 0, 0, 0, 1, 0, 0, 1, 1, 1], [0, 1, 1, 0, 0, 0, 0, 0, 0, 1, 0, 1, 0, 1, 0], [0, 1, 1, 0, 0, 0, 0, 0, 0, 1, 1, 0, 0, 0, 1], [0, 1, 1, 0, 0, 0, 0, 0, 0, 1, 1, 1, 1, 0, 0], [0, 1, 1, 0, 0, 0, 0, 0, 1, 0, 0, 0, 0, 1, 1], [0, 1, 1, 0, 0, 0, 0, 0, 1, 0, 0, 1, 1, 1, 0], [0, 1, 1, 0, 0, 0, 0, 0, 1, 0, 1, 0, 1, 0, 1], [0, 1, 1, 0, 0, 0, 0, 0, 1, 0, 1, 1, 0, 0, 0], [0, 1, 1, 0, 0, 0, 0, 0, 1, 1, 0, 0, 0, 0, 0], [0, 1, 1, 0, 0, 0, 0, 0, 1, 1, 0, 1, 1, 0, 1], [0, 1, 1, 0, 0, 0, 0, 0, 1, 1, 1, 0, 1, 1, 0], [0, 1, 1, 0, 0, 0, 0, 0, 1, 1, 1, 1, 0, 1, 1], [0, 1, 1, 0, 0, 0, 0, 1, 0, 0, 0, 0, 0, 1, 0], [0, 1, 1, 0, 0, 0, 0, 1, 0, 0, 0, 1, 1, 1, 1], [0, 1, 1, 0, 0, 0, 0, 1, 0, 0, 1, 0, 1, 0, 0], [0, 1, 1, 0, 0, 0, 0, 1, 0, 0, 1, 1, 0, 0, 1], [0, 1, 1, 0, 0, 0, 0, 1, 0, 1, 0, 0, 0, 0, 1], [0, 1, 1, 0, 0, 0, 0, 1, 0, 1, 0, 1, 1, 0, 0], [0, 1, 1, 0, 0, 0, 0, 1, 0, 1, 1, 0, 1, 1, 1], [0, 1, 1, 0, 0, 0, 0, 1, 0, 1, 1, 1, 0, 1, 0], [0, 1, 1, 0, 0, 0, 0, 1, 1, 0, 0, 0, 1, 0, 1], [0, 1, 1, 0, 0, 0, 0, 1, 1, 0, 0, 1, 0, 0, 0], [0, 1, 1, 0, 0, 0, 0, 1, 1, 0, 1, 0, 0, 1, 1], [0, 1, 1, 0, 0, 0, 0, 1, 1, 0, 1, 1, 1, 1, 0], [0, 1, 1, 0, 0, 0, 0, 1, 1, 1, 0, 0, 1, 1, 0], [0, 1, 1, 0, 0, 0, 0, 1, 1, 1, 0, 1, 0, 1, 1], [0, 1, 1, 0, 0, 0, 0, 1, 1, 1, 1, 0, 0, 0, 0], [0, 1, 1, 0, 0, 0, 0, 1, 1, 1, 1, 1, 1, 0, 1], [0, 1, 1, 0, 0, 1, 1, 0, 0, 0, 0, 0, 0, 1, 0], [0, 1, 1, 0, 0, 1, 1, 0, 0, 0, 0, 1, 1, 1, 1], [0, 1, 1, 0, 0, 1, 1, 0, 0, 0, 1, 0, 1, 0, 0], [0, 1, 1, 0, 0, 1, 1, 0, 0, 0, 1, 1, 0, 0, 1], [0, 1, 1, 0, 0, 1, 1, 0, 0, 1, 0, 0, 0, 0, 1], [0, 1, 1, 0, 0, 1, 1, 0, 0, 1, 0, 1, 1, 0, 0], [0, 1, 1, 0, 0, 1, 1, 0, 0, 1, 1, 0, 1, 1, 1], [0, 1, 1, 0, 0, 1, 1, 0, 0, 1, 1, 1, 0, 1, 0], [0, 1, 1, 0, 0, 1, 1, 0, 1, 0, 0, 0, 1, 0, 1], [0, 1, 1, 0, 0, 1, 1, 0, 1, 0, 0, 1, 0, 0, 0], [0, 1, 1, 0, 0, 1, 1, 0, 1, 0, 1, 0, 0, 1, 1], [0, 1, 1, 0, 0, 1, 1, 0, 1, 0, 1, 1, 1, 1, 0], [0, 1, 1, 0, 0, 1, 1, 0, 1, 1, 0, 0, 1, 1, 0], [0, 1, 1, 0, 0, 1, 1, 0, 1, 1, 0, 1, 0, 1, 1], [0, 1, 1, 0, 0, 1, 1, 0, 1, 1, 1, 0, 0, 0, 0], [0, 1, 1, 0, 0, 1, 1, 0, 1, 1, 1, 1, 1, 0, 1], [0, 1, 1, 0, 0, 1, 1, 1, 0, 0, 0, 0, 1, 0, 0], [0, 1, 1, 0, 0, 1, 1, 1, 0, 0, 0, 1, 0, 0, 1], [0, 1, 1, 0, 0, 1, 1, 1, 0, 0, 1, 0, 0, 1, 0], [0, 1, 1, 0, 0, 1, 1, 1, 0, 0, 1, 1, 1, 1, 1], [0, 1, 1, 0, 0, 1, 1, 1, 0, 1, 0, 0, 1, 1, 1], [0, 1, 1, 0, 0, 1, 1, 1, 0, 1, 0, 1, 0, 1, 0], [0, 1, 1, 0, 0, 1, 1, 1, 0, 1, 1, 0, 0, 0, 1], [0, 1, 1, 0, 0, 1, 1, 1, 0, 1, 1, 1, 1, 0, 0], [0, 1, 1, 0, 0, 1, 1, 1, 1, 0, 0, 0, 0, 1, 1], [0, 1, 1, 0, 0, 1, 1, 1, 1, 0, 0, 1, 1, 1, 0], [0, 1, 1, 0, 0, 1, 1, 1, 1, 0, 1, 0, 1, 0, 1], [0, 1, 1, 0, 0, 1, 1, 1, 1, 0, 1, 1, 0, 0, 0], [0, 1, 1, 0, 0, 1, 1, 1, 1, 1, 0, 0, 0, 0, 0], [0, 1, 1, 0, 0, 1, 1, 1, 1, 1, 0, 1, 1, 0, 1], [0, 1, 1, 0, 0, 1, 1, 1, 1, 1, 1, 0, 1, 1, 0], [0, 1, 1, 0, 0, 1, 1, 1, 1, 1, 1, 1, 0, 1, 1], [0, 1, 1, 0, 1, 0, 1, 0, 0, 0, 0, 0, 1, 1, 0], [0, 1, 1, 0, 1, 0, 1, 0, 0, 0, 0, 1, 0, 1, 1], [0, 1, 1, 0, 1, 0, 1, 0, 0, 0, 1, 0, 0, 0, 0], [0, 1, 1, 0, 1, 0, 1, 0, 0, 0, 1, 1, 1, 0, 1], [0, 1, 1, 0, 1, 0, 1, 0, 0, 1, 0, 0, 1, 0, 1], [0, 1, 1, 0, 1, 0, 1, 0, 0, 1, 0, 1, 0, 0, 0], [0, 1, 1, 0, 1, 0, 1, 0, 0, 1, 1, 0, 0, 1, 1], [0, 1, 1, 0, 1, 0, 1, 0, 0, 1, 1, 1, 1, 1, 0], [0, 1, 1, 0, 1, 0, 1, 0, 1, 0, 0, 0, 0, 0, 1], [0, 1, 1, 0, 1, 0, 1, 0, 1, 0, 0, 1, 1, 0, 0], [0, 1, 1, 0, 1, 0, 1, 0, 1, 0, 1, 0, 1, 1, 1], [0, 1, 1, 0, 1, 0, 1, 0, 1, 0, 1, 1, 0, 1, 0], [0, 1, 1, 0, 1, 0, 1, 0, 1, 1, 0, 0, 0, 1, 0], [0, 1, 1, 0, 1, 0, 1, 0, 1, 1, 0, 1, 1, 1, 1], [0, 1, 1, 0, 1, 0, 1, 0, 1, 1, 1, 0, 1, 0, 0], [0, 1, 1, 0, 1, 0, 1, 0, 1, 1, 1, 1, 0, 0, 1], [0, 1, 1, 0, 1, 0, 1, 1, 0, 0, 0, 0, 0, 0, 0], [0, 1, 1, 0, 1, 0, 1, 1, 0, 0, 0, 1, 1, 0, 1], [0, 1, 1, 0, 1, 0, 1, 1, 0, 0, 1, 0, 1, 1, 0], [0, 1, 1, 0, 1, 0, 1, 1, 0, 0, 1, 1, 0, 1, 1], [0, 1, 1, 0, 1, 0, 1, 1, 0, 1, 0, 0, 0, 1, 1], [0, 1, 1, 0, 1, 0, 1, 1, 0, 1, 0, 1, 1, 1, 0], [0, 1, 1, 0, 1, 0, 1, 1, 0, 1, 1, 0, 1, 0, 1], [0, 1, 1, 0, 1, 0, 1, 1, 0, 1, 1, 1, 0, 0, 0], [0, 1, 1, 0, 1, 0, 1, 1, 1, 0, 0, 0, 1, 1, 1], [0, 1, 1, 0, 1, 0, 1, 1, 1, 0, 0, 1, 0, 1, 0], [0, 1, 1, 0, 1, 0, 1, 1, 1, 0, 1, 0, 0, 0, 1], [0, 1, 1, 0, 1, 0, 1, 1, 1, 0, 1, 1, 1, 0, 0], [0, 1, 1, 0, 1, 0, 1, 1, 1, 1, 0, 0, 1, 0, 0], [0, 1, 1, 0, 1, 0, 1, 1, 1, 1, 0, 1, 0, 0, 1], [0, 1, 1, 0, 1, 0, 1, 1, 1, 1, 1, 0, 0, 1, 0], [0, 1, 1, 0, 1, 0, 1, 1, 1, 1, 1, 1, 1, 1, 1], [0, 1, 1, 0, 1, 1, 0, 0, 0, 0, 0, 0, 0, 0, 0], [0, 1, 1, 0, 1, 1, 0, 0, 0, 0, 0, 1, 1, 0, 1], [0, 1, 1, 0, 1, 1, 0, 0, 0, 0, 1, 0, 1, 1, 0], [0, 1, 1, 0, 1, 1, 0, 0, 0, 0, 1, 1, 0, 1, 1], [0, 1, 1, 0, 1, 1, 0, 0, 0, 1, 0, 0, 0, 1, 1], [0, 1, 1, 0, 1, 1, 0, 0, 0, 1, 0, 1, 1, 1, 0], [0, 1, 1, 0, 1, 1, 0, 0, 0, 1, 1, 0, 1, 0, 1], [0, 1, 1, 0, 1, 1, 0, 0, 0, 1, 1, 1, 0, 0, 0], [0, 1, 1, 0, 1, 1, 0, 0, 1, 0, 0, 0, 1, 1, 1], [0, 1, 1, 0, 1, 1, 0, 0, 1, 0, 0, 1, 0, 1, 0], [0, 1, 1, 0, 1, 1, 0, 0, 1, 0, 1, 0, 0, 0, 1], [0, 1, 1, 0, 1, 1, 0, 0, 1, 0, 1, 1, 1, 0, 0], [0, 1, 1, 0, 1, 1, 0, 0, 1, 1, 0, 0, 1, 0, 0], [0, 1, 1, 0, 1, 1, 0, 0, 1, 1, 0, 1, 0, 0, 1], [0, 1, 1, 0, 1, 1, 0, 0, 1, 1, 1, 0, 0, 1, 0], [0, 1, 1, 0, 1, 1, 0, 0, 1, 1, 1, 1, 1, 1, 1], [0, 1, 1, 0, 1, 1, 0, 1, 0, 0, 0, 0, 1, 1, 0], [0, 1, 1, 0, 1, 1, 0, 1, 0, 0, 0, 1, 0, 1, 1], [0, 1, 1, 0, 1, 1, 0, 1, 0, 0, 1, 0, 0, 0, 0], [0, 1, 1, 0, 1, 1, 0, 1, 0, 0, 1, 1, 1, 0, 1], [0, 1, 1, 0, 1, 1, 0, 1, 0, 1, 0, 0, 1, 0, 1], [0, 1, 1, 0, 1, 1, 0, 1, 0, 1, 0, 1, 0, 0, 0], [0, 1, 1, 0, 1, 1, 0, 1, 0, 1, 1, 0, 0, 1, 1], [0, 1, 1, 0, 1, 1, 0, 1, 0, 1, 1, 1, 1, 1, 0], [0, 1, 1, 0, 1, 1, 0, 1, 1, 0, 0, 0, 0, 0, 1], [0, 1, 1, 0, 1, 1, 0, 1, 1, 0, 0, 1, 1, 0, 0], [0, 1, 1, 0, 1, 1, 0, 1, 1, 0, 1, 0, 1, 1, 1], [0, 1, 1, 0, 1, 1, 0, 1, 1, 0, 1, 1, 0, 1, 0], [0, 1, 1, 0, 1, 1, 0, 1, 1, 1, 0, 0, 0, 1, 0], [0, 1, 1, 0, 1, 1, 0, 1, 1, 1, 0, 1, 1, 1, 1], [0, 1, 1, 0, 1, 1, 0, 1, 1, 1, 1, 0, 1, 0, 0], [0, 1, 1, 0, 1, 1, 0, 1, 1, 1, 1, 1, 0, 0, 1], [0, 1, 1, 1, 0, 0, 1, 0, 0, 0, 0, 0, 1, 0, 1], [0, 1, 1, 1, 0, 0, 1, 0, 0, 0, 0, 1, 0, 0, 0], [0, 1, 1, 1, 0, 0, 1, 0, 0, 0, 1, 0, 0, 1, 1], [0, 1, 1, 1, 0, 0, 1, 0, 0, 0, 1, 1, 1, 1, 0], [0, 1, 1, 1, 0, 0, 1, 0, 0, 1, 0, 0, 1, 1, 0], [0, 1, 1, 1, 0, 0, 1, 0, 0, 1, 0, 1, 0, 1, 1], [0, 1, 1, 1, 0, 0, 1, 0, 0, 1, 1, 0, 0, 0, 0], [0, 1, 1, 1, 0, 0, 1, 0, 0, 1, 1, 1, 1, 0, 1], [0, 1, 1, 1, 0, 0, 1, 0, 1, 0, 0, 0, 0, 1, 0], [0, 1, 1, 1, 0, 0, 1, 0, 1, 0, 0, 1, 1, 1, 1], [0, 1, 1, 1, 0, 0, 1, 0, 1, 0, 1, 0, 1, 0, 0], [0, 1, 1, 1, 0, 0, 1, 0, 1, 0, 1, 1, 0, 0, 1], [0, 1, 1, 1, 0, 0, 1, 0, 1, 1, 0, 0, 0, 0, 1], [0, 1, 1, 1, 0, 0, 1, 0, 1, 1, 0, 1, 1, 0, 0], [0, 1, 1, 1, 0, 0, 1, 0, 1, 1, 1, 0, 1, 1, 1], [0, 1, 1, 1, 0, 0, 1, 0, 1, 1, 1, 1, 0, 1, 0], [0, 1, 1, 1, 0, 0, 1, 1, 0, 0, 0, 0, 0, 1, 1], [0, 1, 1, 1, 0, 0, 1, 1, 0, 0, 0, 1, 1, 1, 0], [0, 1, 1, 1, 0, 0, 1, 1, 0, 0, 1, 0, 1, 0, 1], [0, 1, 1, 1, 0, 0, 1, 1, 0, 0, 1, 1, 0, 0, 0], [0, 1, 1, 1, 0, 0, 1, 1, 0, 1, 0, 0, 0, 0, 0], [0, 1, 1, 1, 0, 0, 1, 1, 0, 1, 0, 1, 1, 0, 1], [0, 1, 1, 1, 0, 0, 1, 1, 0, 1, 1, 0, 1, 1, 0], [0, 1, 1, 1, 0, 0, 1, 1, 0, 1, 1, 1, 0, 1, 1], [0, 1, 1, 1, 0, 0, 1, 1, 1, 0, 0, 0, 1, 0, 0], [0, 1, 1, 1, 0, 0, 1, 1, 1, 0, 0, 1, 0, 0, 1], [0, 1, 1, 1, 0, 0, 1, 1, 1, 0, 1, 0, 0, 1, 0], [0, 1, 1, 1, 0, 0, 1, 1, 1, 0, 1, 1, 1, 1, 1], [0, 1, 1, 1, 0, 0, 1, 1, 1, 1, 0, 0, 1, 1, 1], [0, 1, 1, 1, 0, 0, 1, 1, 1, 1, 0, 1, 0, 1, 0], [0, 1, 1, 1, 0, 0, 1, 1, 1, 1, 1, 0, 0, 0, 1], [0, 1, 1, 1, 0, 0, 1, 1, 1, 1, 1, 1, 1, 0, 0], [0, 1, 1, 1, 0, 1, 0, 0, 0, 0, 0, 0, 0, 1, 1], [0, 1, 1, 1, 0, 1, 0, 0, 0, 0, 0, 1, 1, 1, 0], [0, 1, 1, 1, 0, 1, 0, 0, 0, 0, 1, 0, 1, 0, 1], [0, 1, 1, 1, 0, 1, 0, 0, 0, 0, 1, 1, 0, 0, 0], [0, 1, 1, 1, 0, 1, 0, 0, 0, 1, 0, 0, 0, 0, 0], [0, 1, 1, 1, 0, 1, 0, 0, 0, 1, 0, 1, 1, 0, 1], [0, 1, 1, 1, 0, 1, 0, 0, 0, 1, 1, 0, 1, 1, 0], [0, 1, 1, 1, 0, 1, 0, 0, 0, 1, 1, 1, 0, 1, 1], [0, 1, 1, 1, 0, 1, 0, 0, 1, 0, 0, 0, 1, 0, 0], [0, 1, 1, 1, 0, 1, 0, 0, 1, 0, 0, 1, 0, 0, 1], [0, 1, 1, 1, 0, 1, 0, 0, 1, 0, 1, 0, 0, 1, 0], [0, 1, 1, 1, 0, 1, 0, 0, 1, 0, 1, 1, 1, 1, 1], [0, 1, 1, 1, 0, 1, 0, 0, 1, 1, 0, 0, 1, 1, 1], [0, 1, 1, 1, 0, 1, 0, 0, 1, 1, 0, 1, 0, 1, 0], [0, 1, 1, 1, 0, 1, 0, 0, 1, 1, 1, 0, 0, 0, 1], [0, 1, 1, 1, 0, 1, 0, 0, 1, 1, 1, 1, 1, 0, 0], [0, 1, 1, 1, 0, 1, 0, 1, 0, 0, 0, 0, 1, 0, 1], [0, 1, 1, 1, 0, 1, 0, 1, 0, 0, 0, 1, 0, 0, 0], [0, 1, 1, 1, 0, 1, 0, 1, 0, 0, 1, 0, 0, 1, 1], [0, 1, 1, 1, 0, 1, 0, 1, 0, 0, 1, 1, 1, 1, 0], [0, 1, 1, 1, 0, 1, 0, 1, 0, 1, 0, 0, 1, 1, 0], [0, 1, 1, 1, 0, 1, 0, 1, 0, 1, 0, 1, 0, 1, 1], [0, 1, 1, 1, 0, 1, 0, 1, 0, 1, 1, 0, 0, 0, 0], [0, 1, 1, 1, 0, 1, 0, 1, 0, 1, 1, 1, 1, 0, 1], [0, 1, 1, 1, 0, 1, 0, 1, 1, 0, 0, 0, 0, 1, 0], [0, 1, 1, 1, 0, 1, 0, 1, 1, 0, 0, 1, 1, 1, 1], [0, 1, 1, 1, 0, 1, 0, 1, 1, 0, 1, 0, 1, 0, 0], [0, 1, 1, 1, 0, 1, 0, 1, 1, 0, 1, 1, 0, 0, 1], [0, 1, 1, 1, 0, 1, 0, 1, 1, 1, 0, 0, 0, 0, 1], [0, 1, 1, 1, 0, 1, 0, 1, 1, 1, 0, 1, 1, 0, 0], [0, 1, 1, 1, 0, 1, 0, 1, 1, 1, 1, 0, 1, 1, 1], [0, 1, 1, 1, 0, 1, 0, 1, 1, 1, 1, 1, 0, 1, 0], [0, 1, 1, 1, 1, 0, 0, 0, 0, 0, 0, 0, 1, 1, 1], [0, 1, 1, 1, 1, 0, 0, 0, 0, 0, 0, 1, 0, 1, 0], [0, 1, 1, 1, 1, 0, 0, 0, 0, 0, 1, 0, 0, 0, 1], [0, 1, 1, 1, 1, 0, 0, 0, 0, 0, 1, 1, 1, 0, 0], [0, 1, 1, 1, 1, 0, 0, 0, 0, 1, 0, 0, 1, 0, 0], [0, 1, 1, 1, 1, 0, 0, 0, 0, 1, 0, 1, 0, 0, 1], [0, 1, 1, 1, 1, 0, 0, 0, 0, 1, 1, 0, 0, 1, 0], [0, 1, 1, 1, 1, 0, 0, 0, 0, 1, 1, 1, 1, 1, 1], [0, 1, 1, 1, 1, 0, 0, 0, 1, 0, 0, 0, 0, 0, 0], [0, 1, 1, 1, 1, 0, 0, 0, 1, 0, 0, 1, 1, 0, 1], [0, 1, 1, 1, 1, 0, 0, 0, 1, 0, 1, 0, 1, 1, 0], [0, 1, 1, 1, 1, 0, 0, 0, 1, 0, 1, 1, 0, 1, 1], [0, 1, 1, 1, 1, 0, 0, 0, 1, 1, 0, 0, 0, 1, 1], [0, 1, 1, 1, 1, 0, 0, 0, 1, 1, 0, 1, 1, 1, 0], [0, 1, 1, 1, 1, 0, 0, 0, 1, 1, 1, 0, 1, 0, 1], [0, 1, 1, 1, 1, 0, 0, 0, 1, 1, 1, 1, 0, 0, 0], [0, 1, 1, 1, 1, 0, 0, 1, 0, 0, 0, 0, 0, 0, 1], [0, 1, 1, 1, 1, 0, 0, 1, 0, 0, 0, 1, 1, 0, 0], [0, 1, 1, 1, 1, 0, 0, 1, 0, 0, 1, 0, 1, 1, 1], [0, 1, 1, 1, 1, 0, 0, 1, 0, 0, 1, 1, 0, 1, 0], [0, 1, 1, 1, 1, 0, 0, 1, 0, 1, 0, 0, 0, 1, 0], [0, 1, 1, 1, 1, 0, 0, 1, 0, 1, 0, 1, 1, 1, 1], [0, 1, 1, 1, 1, 0, 0, 1, 0, 1, 1, 0, 1, 0, 0], [0, 1, 1, 1, 1, 0, 0, 1, 0, 1, 1, 1, 0, 0, 1], [0, 1, 1, 1, 1, 0, 0, 1, 1, 0, 0, 0, 1, 1, 0], [0, 1, 1, 1, 1, 0, 0, 1, 1, 0, 0, 1, 0, 1, 1], [0, 1, 1, 1, 1, 0, 0, 1, 1, 0, 1, 0, 0, 0, 0], [0, 1, 1, 1, 1, 0, 0, 1, 1, 0, 1, 1, 1, 0, 1], [0, 1, 1, 1, 1, 0, 0, 1, 1, 1, 0, 0, 1, 0, 1], [0, 1, 1, 1, 1, 0, 0, 1, 1, 1, 0, 1, 0, 0, 0], [0, 1, 1, 1, 1, 0, 0, 1, 1, 1, 1, 0, 0, 1, 1], [0, 1, 1, 1, 1, 0, 0, 1, 1, 1, 1, 1, 1, 1, 0], [0, 1, 1, 1, 1, 1, 1, 0, 0, 0, 0, 0, 0, 0, 1], [0, 1, 1, 1, 1, 1, 1, 0, 0, 0, 0, 1, 1, 0, 0], [0, 1, 1, 1, 1, 1, 1, 0, 0, 0, 1, 0, 1, 1, 1], [0, 1, 1, 1, 1, 1, 1, 0, 0, 0, 1, 1, 0, 1, 0], [0, 1, 1, 1, 1, 1, 1, 0, 0, 1, 0, 0, 0, 1, 0], [0, 1, 1, 1, 1, 1, 1, 0, 0, 1, 0, 1, 1, 1, 1], [0, 1, 1, 1, 1, 1, 1, 0, 0, 1, 1, 0, 1, 0, 0], [0, 1, 1, 1, 1, 1, 1, 0, 0, 1, 1, 1, 0, 0, 1], [0, 1, 1, 1, 1, 1, 1, 0, 1, 0, 0, 0, 1, 1, 0], [0, 1, 1, 1, 1, 1, 1, 0, 1, 0, 0, 1, 0, 1, 1], [0, 1, 1, 1, 1, 1, 1, 0, 1, 0, 1, 0, 0, 0, 0], [0, 1, 1, 1, 1, 1, 1, 0, 1, 0, 1, 1, 1, 0, 1], [0, 1, 1, 1, 1, 1, 1, 0, 1, 1, 0, 0, 1, 0, 1], [0, 1, 1, 1, 1, 1, 1, 0, 1, 1, 0, 1, 0, 0, 0], [0, 1, 1, 1, 1, 1, 1, 0, 1, 1, 1, 0, 0, 1, 1], [0, 1, 1, 1, 1, 1, 1, 0, 1, 1, 1, 1, 1, 1, 0], [0, 1, 1, 1, 1, 1, 1, 1, 0, 0, 0, 0, 1, 1, 1], [0, 1, 1, 1, 1, 1, 1, 1, 0, 0, 0, 1, 0, 1, 0], [0, 1, 1, 1, 1, 1, 1, 1, 0, 0, 1, 0, 0, 0, 1], [0, 1, 1, 1, 1, 1, 1, 1, 0, 0, 1, 1, 1, 0, 0], [0, 1, 1, 1, 1, 1, 1, 1, 0, 1, 0, 0, 1, 0, 0], [0, 1, 1, 1, 1, 1, 1, 1, 0, 1, 0, 1, 0, 0, 1], [0, 1, 1, 1, 1, 1, 1, 1, 0, 1, 1, 0, 0, 1, 0], [0, 1, 1, 1, 1, 1, 1, 1, 0, 1, 1, 1, 1, 1, 1], [0, 1, 1, 1, 1, 1, 1, 1, 1, 0, 0, 0, 0, 0, 0], [0, 1, 1, 1, 1, 1, 1, 1, 1, 0, 0, 1, 1, 0, 1], [0, 1, 1, 1, 1, 1, 1, 1, 1, 0, 1, 0, 1, 1, 0], [0, 1, 1, 1, 1, 1, 1, 1, 1, 0, 1, 1, 0, 1, 1], [0, 1, 1, 1, 1, 1, 1, 1, 1, 1, 0, 0, 0, 1, 1], [0, 1, 1, 1, 1, 1, 1, 1, 1, 1, 0, 1, 1, 1, 0], [0, 1, 1, 1, 1, 1, 1, 1, 1, 1, 1, 0, 1, 0, 1], [0, 1, 1, 1, 1, 1, 1, 1, 1, 1, 1, 1, 0, 0, 0], [1, 0, 0, 0, 0, 0, 1, 0, 0, 0, 0, 0, 1, 0, 0], [1, 0, 0, 0, 0, 0, 1, 0, 0, 0, 0, 1, 0, 0, 1], [1, 0, 0, 0, 0, 0, 1, 0, 0, 0, 1, 0, 0, 1, 0], [1, 0, 0, 0, 0, 0, 1, 0, 0, 0, 1, 1, 1, 1, 1], [1, 0, 0, 0, 0, 0, 1, 0, 0, 1, 0, 0, 1, 1, 1], [1, 0, 0, 0, 0, 0, 1, 0, 0, 1, 0, 1, 0, 1, 0], [1, 0, 0, 0, 0, 0, 1, 0, 0, 1, 1, 0, 0, 0, 1], [1, 0, 0, 0, 0, 0, 1, 0, 0, 1, 1, 1, 1, 0, 0], [1, 0, 0, 0, 0, 0, 1, 0, 1, 0, 0, 0, 0, 1, 1], [1, 0, 0, 0, 0, 0, 1, 0, 1, 0, 0, 1, 1, 1, 0], [1, 0, 0, 0, 0, 0, 1, 0, 1, 0, 1, 0, 1, 0, 1], [1, 0, 0, 0, 0, 0, 1, 0, 1, 0, 1, 1, 0, 0, 0], [1, 0, 0, 0, 0, 0, 1, 0, 1, 1, 0, 0, 0, 0, 0], [1, 0, 0, 0, 0, 0, 1, 0, 1, 1, 0, 1, 1, 0, 1], [1, 0, 0, 0, 0, 0, 1, 0, 1, 1, 1, 0, 1, 1, 0], [1, 0, 0, 0, 0, 0, 1, 0, 1, 1, 1, 1, 0, 1, 1], [1, 0, 0, 0, 0, 0, 1, 1, 0, 0, 0, 0, 0, 1, 0], [1, 0, 0, 0, 0, 0, 1, 1, 0, 0, 0, 1, 1, 1, 1], [1, 0, 0, 0, 0, 0, 1, 1, 0, 0, 1, 0, 1, 0, 0], [1, 0, 0, 0, 0, 0, 1, 1, 0, 0, 1, 1, 0, 0, 1], [1, 0, 0, 0, 0, 0, 1, 1, 0, 1, 0, 0, 0, 0, 1], [1, 0, 0, 0, 0, 0, 1, 1, 0, 1, 0, 1, 1, 0, 0], [1, 0, 0, 0, 0, 0, 1, 1, 0, 1, 1, 0, 1, 1, 1], [1, 0, 0, 0, 0, 0, 1, 1, 0, 1, 1, 1, 0, 1, 0], [1, 0, 0, 0, 0, 0, 1, 1, 1, 0, 0, 0, 1, 0, 1], [1, 0, 0, 0, 0, 0, 1, 1, 1, 0, 0, 1, 0, 0, 0], [1, 0, 0, 0, 0, 0, 1, 1, 1, 0, 1, 0, 0, 1, 1], [1, 0, 0, 0, 0, 0, 1, 1, 1, 0, 1, 1, 1, 1, 0], [1, 0, 0, 0, 0, 0, 1, 1, 1, 1, 0, 0, 1, 1, 0], [1, 0, 0, 0, 0, 0, 1, 1, 1, 1, 0, 1, 0, 1, 1], [1, 0, 0, 0, 0, 0, 1, 1, 1, 1, 1, 0, 0, 0, 0], [1, 0, 0, 0, 0, 0, 1, 1, 1, 1, 1, 1, 1, 0, 1], [1, 0, 0, 0, 0, 1, 0, 0, 0, 0, 0, 0, 0, 1, 0], [1, 0, 0, 0, 0, 1, 0, 0, 0, 0, 0, 1, 1, 1, 1], [1, 0, 0, 0, 0, 1, 0, 0, 0, 0, 1, 0, 1, 0, 0], [1, 0, 0, 0, 0, 1, 0, 0, 0, 0, 1, 1, 0, 0, 1], [1, 0, 0, 0, 0, 1, 0, 0, 0, 1, 0, 0, 0, 0, 1], [1, 0, 0, 0, 0, 1, 0, 0, 0, 1, 0, 1, 1, 0, 0], [1, 0, 0, 0, 0, 1, 0, 0, 0, 1, 1, 0, 1, 1, 1], [1, 0, 0, 0, 0, 1, 0, 0, 0, 1, 1, 1, 0, 1, 0], [1, 0, 0, 0, 0, 1, 0, 0, 1, 0, 0, 0, 1, 0, 1], [1, 0, 0, 0, 0, 1, 0, 0, 1, 0, 0, 1, 0, 0, 0], [1, 0, 0, 0, 0, 1, 0, 0, 1, 0, 1, 0, 0, 1, 1], [1, 0, 0, 0, 0, 1, 0, 0, 1, 0, 1, 1, 1, 1, 0], [1, 0, 0, 0, 0, 1, 0, 0, 1, 1, 0, 0, 1, 1, 0], [1, 0, 0, 0, 0, 1, 0, 0, 1, 1, 0, 1, 0, 1, 1], [1, 0, 0, 0, 0, 1, 0, 0, 1, 1, 1, 0, 0, 0, 0], [1, 0, 0, 0, 0, 1, 0, 0, 1, 1, 1, 1, 1, 0, 1], [1, 0, 0, 0, 0, 1, 0, 1, 0, 0, 0, 0, 1, 0, 0], [1, 0, 0, 0, 0, 1, 0, 1, 0, 0, 0, 1, 0, 0, 1], [1, 0, 0, 0, 0, 1, 0, 1, 0, 0, 1, 0, 0, 1, 0], [1, 0, 0, 0, 0, 1, 0, 1, 0, 0, 1, 1, 1, 1, 1], [1, 0, 0, 0, 0, 1, 0, 1, 0, 1, 0, 0, 1, 1, 1], [1, 0, 0, 0, 0, 1, 0, 1, 0, 1, 0, 1, 0, 1, 0], [1, 0, 0, 0, 0, 1, 0, 1, 0, 1, 1, 0, 0, 0, 1], [1, 0, 0, 0, 0, 1, 0, 1, 0, 1, 1, 1, 1, 0, 0], [1, 0, 0, 0, 0, 1, 0, 1, 1, 0, 0, 0, 0, 1, 1], [1, 0, 0, 0, 0, 1, 0, 1, 1, 0, 0, 1, 1, 1, 0], [1, 0, 0, 0, 0, 1, 0, 1, 1, 0, 1, 0, 1, 0, 1], [1, 0, 0, 0, 0, 1, 0, 1, 1, 0, 1, 1, 0, 0, 0], [1, 0, 0, 0, 0, 1, 0, 1, 1, 1, 0, 0, 0, 0, 0], [1, 0, 0, 0, 0, 1, 0, 1, 1, 1, 0, 1, 1, 0, 1], [1, 0, 0, 0, 0, 1, 0, 1, 1, 1, 1, 0, 1, 1, 0], [1, 0, 0, 0, 0, 1, 0, 1, 1, 1, 1, 1, 0, 1, 1], [1, 0, 0, 0, 1, 0, 0, 0, 0, 0, 0, 0, 1, 1, 0], [1, 0, 0, 0, 1, 0, 0, 0, 0, 0, 0, 1, 0, 1, 1], [1, 0, 0, 0, 1, 0, 0, 0, 0, 0, 1, 0, 0, 0, 0], [1, 0, 0, 0, 1, 0, 0, 0, 0, 0, 1, 1, 1, 0, 1], [1, 0, 0, 0, 1, 0, 0, 0, 0, 1, 0, 0, 1, 0, 1], [1, 0, 0, 0, 1, 0, 0, 0, 0, 1, 0, 1, 0, 0, 0], [1, 0, 0, 0, 1, 0, 0, 0, 0, 1, 1, 0, 0, 1, 1], [1, 0, 0, 0, 1, 0, 0, 0, 0, 1, 1, 1, 1, 1, 0], [1, 0, 0, 0, 1, 0, 0, 0, 1, 0, 0, 0, 0, 0, 1], [1, 0, 0, 0, 1, 0, 0, 0, 1, 0, 0, 1, 1, 0, 0], [1, 0, 0, 0, 1, 0, 0, 0, 1, 0, 1, 0, 1, 1, 1], [1, 0, 0, 0, 1, 0, 0, 0, 1, 0, 1, 1, 0, 1, 0], [1, 0, 0, 0, 1, 0, 0, 0, 1, 1, 0, 0, 0, 1, 0], [1, 0, 0, 0, 1, 0, 0, 0, 1, 1, 0, 1, 1, 1, 1], [1, 0, 0, 0, 1, 0, 0, 0, 1, 1, 1, 0, 1, 0, 0], [1, 0, 0, 0, 1, 0, 0, 0, 1, 1, 1, 1, 0, 0, 1], [1, 0, 0, 0, 1, 0, 0, 1, 0, 0, 0, 0, 0, 0, 0], [1, 0, 0, 0, 1, 0, 0, 1, 0, 0, 0, 1, 1, 0, 1], [1, 0, 0, 0, 1, 0, 0, 1, 0, 0, 1, 0, 1, 1, 0], [1, 0, 0, 0, 1, 0, 0, 1, 0, 0, 1, 1, 0, 1, 1], [1, 0, 0, 0, 1, 0, 0, 1, 0, 1, 0, 0, 0, 1, 1], [1, 0, 0, 0, 1, 0, 0, 1, 0, 1, 0, 1, 1, 1, 0], [1, 0, 0, 0, 1, 0, 0, 1, 0, 1, 1, 0, 1, 0, 1], [1, 0, 0, 0, 1, 0, 0, 1, 0, 1, 1, 1, 0, 0, 0], [1, 0, 0, 0, 1, 0, 0, 1, 1, 0, 0, 0, 1, 1, 1], [1, 0, 0, 0, 1, 0, 0, 1, 1, 0, 0, 1, 0, 1, 0], [1, 0, 0, 0, 1, 0, 0, 1, 1, 0, 1, 0, 0, 0, 1], [1, 0, 0, 0, 1, 0, 0, 1, 1, 0, 1, 1, 1, 0, 0], [1, 0, 0, 0, 1, 0, 0, 1, 1, 1, 0, 0, 1, 0, 0], [1, 0, 0, 0, 1, 0, 0, 1, 1, 1, 0, 1, 0, 0, 1], [1, 0, 0, 0, 1, 0, 0, 1, 1, 1, 1, 0, 0, 1, 0], [1, 0, 0, 0, 1, 0, 0, 1, 1, 1, 1, 1, 1, 1, 1], [1, 0, 0, 0, 1, 1, 1, 0, 0, 0, 0, 0, 0, 0, 0], [1, 0, 0, 0, 1, 1, 1, 0, 0, 0, 0, 1, 1, 0, 1], [1, 0, 0, 0, 1, 1, 1, 0, 0, 0, 1, 0, 1, 1, 0], [1, 0, 0, 0, 1, 1, 1, 0, 0, 0, 1, 1, 0, 1, 1], [1, 0, 0, 0, 1, 1, 1, 0, 0, 1, 0, 0, 0, 1, 1], [1, 0, 0, 0, 1, 1, 1, 0, 0, 1, 0, 1, 1, 1, 0], [1, 0, 0, 0, 1, 1, 1, 0, 0, 1, 1, 0, 1, 0, 1], [1, 0, 0, 0, 1, 1, 1, 0, 0, 1, 1, 1, 0, 0, 0], [1, 0, 0, 0, 1, 1, 1, 0, 1, 0, 0, 0, 1, 1, 1], [1, 0, 0, 0, 1, 1, 1, 0, 1, 0, 0, 1, 0, 1, 0], [1, 0, 0, 0, 1, 1, 1, 0, 1, 0, 1, 0, 0, 0, 1], [1, 0, 0, 0, 1, 1, 1, 0, 1, 0, 1, 1, 1, 0, 0], [1, 0, 0, 0, 1, 1, 1, 0, 1, 1, 0, 0, 1, 0, 0], [1, 0, 0, 0, 1, 1, 1, 0, 1, 1, 0, 1, 0, 0, 1], [1, 0, 0, 0, 1, 1, 1, 0, 1, 1, 1, 0, 0, 1, 0], [1, 0, 0, 0, 1, 1, 1, 0, 1, 1, 1, 1, 1, 1, 1], [1, 0, 0, 0, 1, 1, 1, 1, 0, 0, 0, 0, 1, 1, 0], [1, 0, 0, 0, 1, 1, 1, 1, 0, 0, 0, 1, 0, 1, 1], [1, 0, 0, 0, 1, 1, 1, 1, 0, 0, 1, 0, 0, 0, 0], [1, 0, 0, 0, 1, 1, 1, 1, 0, 0, 1, 1, 1, 0, 1], [1, 0, 0, 0, 1, 1, 1, 1, 0, 1, 0, 0, 1, 0, 1], [1, 0, 0, 0, 1, 1, 1, 1, 0, 1, 0, 1, 0, 0, 0], [1, 0, 0, 0, 1, 1, 1, 1, 0, 1, 1, 0, 0, 1, 1], [1, 0, 0, 0, 1, 1, 1, 1, 0, 1, 1, 1, 1, 1, 0], [1, 0, 0, 0, 1, 1, 1, 1, 1, 0, 0, 0, 0, 0, 1], [1, 0, 0, 0, 1, 1, 1, 1, 1, 0, 0, 1, 1, 0, 0], [1, 0, 0, 0, 1, 1, 1, 1, 1, 0, 1, 0, 1, 1, 1], [1, 0, 0, 0, 1, 1, 1, 1, 1, 0, 1, 1, 0, 1, 0], [1, 0, 0, 0, 1, 1, 1, 1, 1, 1, 0, 0, 0, 1, 0], [1, 0, 0, 0, 1, 1, 1, 1, 1, 1, 0, 1, 1, 1, 1], [1, 0, 0, 0, 1, 1, 1, 1, 1, 1, 1, 0, 1, 0, 0], [1, 0, 0, 0, 1, 1, 1, 1, 1, 1, 1, 1, 0, 0, 1], [1, 0, 0, 1, 0, 0, 0, 0, 0, 0, 0, 0, 1, 0, 1], [1, 0, 0, 1, 0, 0, 0, 0, 0, 0, 0, 1, 0, 0, 0], [1, 0, 0, 1, 0, 0, 0, 0, 0, 0, 1, 0, 0, 1, 1], [1, 0, 0, 1, 0, 0, 0, 0, 0, 0, 1, 1, 1, 1, 0], [1, 0, 0, 1, 0, 0, 0, 0, 0, 1, 0, 0, 1, 1, 0], [1, 0, 0, 1, 0, 0, 0, 0, 0, 1, 0, 1, 0, 1, 1], [1, 0, 0, 1, 0, 0, 0, 0, 0, 1, 1, 0, 0, 0, 0], [1, 0, 0, 1, 0, 0, 0, 0, 0, 1, 1, 1, 1, 0, 1], [1, 0, 0, 1, 0, 0, 0, 0, 1, 0, 0, 0, 0, 1, 0], [1, 0, 0, 1, 0, 0, 0, 0, 1, 0, 0, 1, 1, 1, 1], [1, 0, 0, 1, 0, 0, 0, 0, 1, 0, 1, 0, 1, 0, 0], [1, 0, 0, 1, 0, 0, 0, 0, 1, 0, 1, 1, 0, 0, 1], [1, 0, 0, 1, 0, 0, 0, 0, 1, 1, 0, 0, 0, 0, 1], [1, 0, 0, 1, 0, 0, 0, 0, 1, 1, 0, 1, 1, 0, 0], [1, 0, 0, 1, 0, 0, 0, 0, 1, 1, 1, 0, 1, 1, 1], [1, 0, 0, 1, 0, 0, 0, 0, 1, 1, 1, 1, 0, 1, 0], [1, 0, 0, 1, 0, 0, 0, 1, 0, 0, 0, 0, 0, 1, 1], [1, 0, 0, 1, 0, 0, 0, 1, 0, 0, 0, 1, 1, 1, 0], [1, 0, 0, 1, 0, 0, 0, 1, 0, 0, 1, 0, 1, 0, 1], [1, 0, 0, 1, 0, 0, 0, 1, 0, 0, 1, 1, 0, 0, 0], [1, 0, 0, 1, 0, 0, 0, 1, 0, 1, 0, 0, 0, 0, 0], [1, 0, 0, 1, 0, 0, 0, 1, 0, 1, 0, 1, 1, 0, 1], [1, 0, 0, 1, 0, 0, 0, 1, 0, 1, 1, 0, 1, 1, 0], [1, 0, 0, 1, 0, 0, 0, 1, 0, 1, 1, 1, 0, 1, 1], [1, 0, 0, 1, 0, 0, 0, 1, 1, 0, 0, 0, 1, 0, 0], [1, 0, 0, 1, 0, 0, 0, 1, 1, 0, 0, 1, 0, 0, 1], [1, 0, 0, 1, 0, 0, 0, 1, 1, 0, 1, 0, 0, 1, 0], [1, 0, 0, 1, 0, 0, 0, 1, 1, 0, 1, 1, 1, 1, 1], [1, 0, 0, 1, 0, 0, 0, 1, 1, 1, 0, 0, 1, 1, 1], [1, 0, 0, 1, 0, 0, 0, 1, 1, 1, 0, 1, 0, 1, 0], [1, 0, 0, 1, 0, 0, 0, 1, 1, 1, 1, 0, 0, 0, 1], [1, 0, 0, 1, 0, 0, 0, 1, 1, 1, 1, 1, 1, 0, 0], [1, 0, 0, 1, 0, 1, 1, 0, 0, 0, 0, 0, 0, 1, 1], [1, 0, 0, 1, 0, 1, 1, 0, 0, 0, 0, 1, 1, 1, 0], [1, 0, 0, 1, 0, 1, 1, 0, 0, 0, 1, 0, 1, 0, 1], [1, 0, 0, 1, 0, 1, 1, 0, 0, 0, 1, 1, 0, 0, 0], [1, 0, 0, 1, 0, 1, 1, 0, 0, 1, 0, 0, 0, 0, 0], [1, 0, 0, 1, 0, 1, 1, 0, 0, 1, 0, 1, 1, 0, 1], [1, 0, 0, 1, 0, 1, 1, 0, 0, 1, 1, 0, 1, 1, 0], [1, 0, 0, 1, 0, 1, 1, 0, 0, 1, 1, 1, 0, 1, 1], [1, 0, 0, 1, 0, 1, 1, 0, 1, 0, 0, 0, 1, 0, 0], [1, 0, 0, 1, 0, 1, 1, 0, 1, 0, 0, 1, 0, 0, 1], [1, 0, 0, 1, 0, 1, 1, 0, 1, 0, 1, 0, 0, 1, 0], [1, 0, 0, 1, 0, 1, 1, 0, 1, 0, 1, 1, 1, 1, 1], [1, 0, 0, 1, 0, 1, 1, 0, 1, 1, 0, 0, 1, 1, 1], [1, 0, 0, 1, 0, 1, 1, 0, 1, 1, 0, 1, 0, 1, 0], [1, 0, 0, 1, 0, 1, 1, 0, 1, 1, 1, 0, 0, 0, 1], [1, 0, 0, 1, 0, 1, 1, 0, 1, 1, 1, 1, 1, 0, 0], [1, 0, 0, 1, 0, 1, 1, 1, 0, 0, 0, 0, 1, 0, 1], [1, 0, 0, 1, 0, 1, 1, 1, 0, 0, 0, 1, 0, 0, 0], [1, 0, 0, 1, 0, 1, 1, 1, 0, 0, 1, 0, 0, 1, 1], [1, 0, 0, 1, 0, 1, 1, 1, 0, 0, 1, 1, 1, 1, 0], [1, 0, 0, 1, 0, 1, 1, 1, 0, 1, 0, 0, 1, 1, 0], [1, 0, 0, 1, 0, 1, 1, 1, 0, 1, 0, 1, 0, 1, 1], [1, 0, 0, 1, 0, 1, 1, 1, 0, 1, 1, 0, 0, 0, 0], [1, 0, 0, 1, 0, 1, 1, 1, 0, 1, 1, 1, 1, 0, 1], [1, 0, 0, 1, 0, 1, 1, 1, 1, 0, 0, 0, 0, 1, 0], [1, 0, 0, 1, 0, 1, 1, 1, 1, 0, 0, 1, 1, 1, 1], [1, 0, 0, 1, 0, 1, 1, 1, 1, 0, 1, 0, 1, 0, 0], [1, 0, 0, 1, 0, 1, 1, 1, 1, 0, 1, 1, 0, 0, 1], [1, 0, 0, 1, 0, 1, 1, 1, 1, 1, 0, 0, 0, 0, 1], [1, 0, 0, 1, 0, 1, 1, 1, 1, 1, 0, 1, 1, 0, 0], [1, 0, 0, 1, 0, 1, 1, 1, 1, 1, 1, 0, 1, 1, 1], [1, 0, 0, 1, 0, 1, 1, 1, 1, 1, 1, 1, 0, 1, 0], [1, 0, 0, 1, 1, 0, 1, 0, 0, 0, 0, 0, 1, 1, 1], [1, 0, 0, 1, 1, 0, 1, 0, 0, 0, 0, 1, 0, 1, 0], [1, 0, 0, 1, 1, 0, 1, 0, 0, 0, 1, 0, 0, 0, 1], [1, 0, 0, 1, 1, 0, 1, 0, 0, 0, 1, 1, 1, 0, 0], [1, 0, 0, 1, 1, 0, 1, 0, 0, 1, 0, 0, 1, 0, 0], [1, 0, 0, 1, 1, 0, 1, 0, 0, 1, 0, 1, 0, 0, 1], [1, 0, 0, 1, 1, 0, 1, 0, 0, 1, 1, 0, 0, 1, 0], [1, 0, 0, 1, 1, 0, 1, 0, 0, 1, 1, 1, 1, 1, 1], [1, 0, 0, 1, 1, 0, 1, 0, 1, 0, 0, 0, 0, 0, 0], [1, 0, 0, 1, 1, 0, 1, 0, 1, 0, 0, 1, 1, 0, 1], [1, 0, 0, 1, 1, 0, 1, 0, 1, 0, 1, 0, 1, 1, 0], [1, 0, 0, 1, 1, 0, 1, 0, 1, 0, 1, 1, 0, 1, 1], [1, 0, 0, 1, 1, 0, 1, 0, 1, 1, 0, 0, 0, 1, 1], [1, 0, 0, 1, 1, 0, 1, 0, 1, 1, 0, 1, 1, 1, 0], [1, 0, 0, 1, 1, 0, 1, 0, 1, 1, 1, 0, 1, 0, 1], [1, 0, 0, 1, 1, 0, 1, 0, 1, 1, 1, 1, 0, 0, 0], [1, 0, 0, 1, 1, 0, 1, 1, 0, 0, 0, 0, 0, 0, 1], [1, 0, 0, 1, 1, 0, 1, 1, 0, 0, 0, 1, 1, 0, 0], [1, 0, 0, 1, 1, 0, 1, 1, 0, 0, 1, 0, 1, 1, 1], [1, 0, 0, 1, 1, 0, 1, 1, 0, 0, 1, 1, 0, 1, 0], [1, 0, 0, 1, 1, 0, 1, 1, 0, 1, 0, 0, 0, 1, 0], [1, 0, 0, 1, 1, 0, 1, 1, 0, 1, 0, 1, 1, 1, 1], [1, 0, 0, 1, 1, 0, 1, 1, 0, 1, 1, 0, 1, 0, 0], [1, 0, 0, 1, 1, 0, 1, 1, 0, 1, 1, 1, 0, 0, 1], [1, 0, 0, 1, 1, 0, 1, 1, 1, 0, 0, 0, 1, 1, 0], [1, 0, 0, 1, 1, 0, 1, 1, 1, 0, 0, 1, 0, 1, 1], [1, 0, 0, 1, 1, 0, 1, 1, 1, 0, 1, 0, 0, 0, 0], [1, 0, 0, 1, 1, 0, 1, 1, 1, 0, 1, 1, 1, 0, 1], [1, 0, 0, 1, 1, 0, 1, 1, 1, 1, 0, 0, 1, 0, 1], [1, 0, 0, 1, 1, 0, 1, 1, 1, 1, 0, 1, 0, 0, 0], [1, 0, 0, 1, 1, 0, 1, 1, 1, 1, 1, 0, 0, 1, 1], [1, 0, 0, 1, 1, 0, 1, 1, 1, 1, 1, 1, 1, 1, 0], [1, 0, 0, 1, 1, 1, 0, 0, 0, 0, 0, 0, 0, 0, 1], [1, 0, 0, 1, 1, 1, 0, 0, 0, 0, 0, 1, 1, 0, 0], [1, 0, 0, 1, 1, 1, 0, 0, 0, 0, 1, 0, 1, 1, 1], [1, 0, 0, 1, 1, 1, 0, 0, 0, 0, 1, 1, 0, 1, 0], [1, 0, 0, 1, 1, 1, 0, 0, 0, 1, 0, 0, 0, 1, 0], [1, 0, 0, 1, 1, 1, 0, 0, 0, 1, 0, 1, 1, 1, 1], [1, 0, 0, 1, 1, 1, 0, 0, 0, 1, 1, 0, 1, 0, 0], [1, 0, 0, 1, 1, 1, 0, 0, 0, 1, 1, 1, 0, 0, 1], [1, 0, 0, 1, 1, 1, 0, 0, 1, 0, 0, 0, 1, 1, 0], [1, 0, 0, 1, 1, 1, 0, 0, 1, 0, 0, 1, 0, 1, 1], [1, 0, 0, 1, 1, 1, 0, 0, 1, 0, 1, 0, 0, 0, 0], [1, 0, 0, 1, 1, 1, 0, 0, 1, 0, 1, 1, 1, 0, 1], [1, 0, 0, 1, 1, 1, 0, 0, 1, 1, 0, 0, 1, 0, 1], [1, 0, 0, 1, 1, 1, 0, 0, 1, 1, 0, 1, 0, 0, 0], [1, 0, 0, 1, 1, 1, 0, 0, 1, 1, 1, 0, 0, 1, 1], [1, 0, 0, 1, 1, 1, 0, 0, 1, 1, 1, 1, 1, 1, 0], [1, 0, 0, 1, 1, 1, 0, 1, 0, 0, 0, 0, 1, 1, 1], [1, 0, 0, 1, 1, 1, 0, 1, 0, 0, 0, 1, 0, 1, 0], [1, 0, 0, 1, 1, 1, 0, 1, 0, 0, 1, 0, 0, 0, 1], [1, 0, 0, 1, 1, 1, 0, 1, 0, 0, 1, 1, 1, 0, 0], [1, 0, 0, 1, 1, 1, 0, 1, 0, 1, 0, 0, 1, 0, 0], [1, 0, 0, 1, 1, 1, 0, 1, 0, 1, 0, 1, 0, 0, 1], [1, 0, 0, 1, 1, 1, 0, 1, 0, 1, 1, 0, 0, 1, 0], [1, 0, 0, 1, 1, 1, 0, 1, 0, 1, 1, 1, 1, 1, 1], [1, 0, 0, 1, 1, 1, 0, 1, 1, 0, 0, 0, 0, 0, 0], [1, 0, 0, 1, 1, 1, 0, 1, 1, 0, 0, 1, 1, 0, 1], [1, 0, 0, 1, 1, 1, 0, 1, 1, 0, 1, 0, 1, 1, 0], [1, 0, 0, 1, 1, 1, 0, 1, 1, 0, 1, 1, 0, 1, 1], [1, 0, 0, 1, 1, 1, 0, 1, 1, 1, 0, 0, 0, 1, 1], [1, 0, 0, 1, 1, 1, 0, 1, 1, 1, 0, 1, 1, 1, 0], [1, 0, 0, 1, 1, 1, 0, 1, 1, 1, 1, 0, 1, 0, 1], [1, 0, 0, 1, 1, 1, 0, 1, 1, 1, 1, 1, 0, 0, 0], [1, 0, 1, 0, 0, 0, 0, 0, 0, 0, 0, 0, 1, 1, 1], [1, 0, 1, 0, 0, 0, 0, 0, 0, 0, 0, 1, 0, 1, 0], [1, 0, 1, 0, 0, 0, 0, 0, 0, 0, 1, 0, 0, 0, 1], [1, 0, 1, 0, 0, 0, 0, 0, 0, 0, 1, 1, 1, 0, 0], [1, 0, 1, 0, 0, 0, 0, 0, 0, 1, 0, 0, 1, 0, 0], [1, 0, 1, 0, 0, 0, 0, 0, 0, 1, 0, 1, 0, 0, 1], [1, 0, 1, 0, 0, 0, 0, 0, 0, 1, 1, 0, 0, 1, 0], [1, 0, 1, 0, 0, 0, 0, 0, 0, 1, 1, 1, 1, 1, 1], [1, 0, 1, 0, 0, 0, 0, 0, 1, 0, 0, 0, 0, 0, 0], [1, 0, 1, 0, 0, 0, 0, 0, 1, 0, 0, 1, 1, 0, 1], [1, 0, 1, 0, 0, 0, 0, 0, 1, 0, 1, 0, 1, 1, 0], [1, 0, 1, 0, 0, 0, 0, 0, 1, 0, 1, 1, 0, 1, 1], [1, 0, 1, 0, 0, 0, 0, 0, 1, 1, 0, 0, 0, 1, 1], [1, 0, 1, 0, 0, 0, 0, 0, 1, 1, 0, 1, 1, 1, 0], [1, 0, 1, 0, 0, 0, 0, 0, 1, 1, 1, 0, 1, 0, 1], [1, 0, 1, 0, 0, 0, 0, 0, 1, 1, 1, 1, 0, 0, 0], [1, 0, 1, 0, 0, 0, 0, 1, 0, 0, 0, 0, 0, 0, 1], [1, 0, 1, 0, 0, 0, 0, 1, 0, 0, 0, 1, 1, 0, 0], [1, 0, 1, 0, 0, 0, 0, 1, 0, 0, 1, 0, 1, 1, 1], [1, 0, 1, 0, 0, 0, 0, 1, 0, 0, 1, 1, 0, 1, 0], [1, 0, 1, 0, 0, 0, 0, 1, 0, 1, 0, 0, 0, 1, 0], [1, 0, 1, 0, 0, 0, 0, 1, 0, 1, 0, 1, 1, 1, 1], [1, 0, 1, 0, 0, 0, 0, 1, 0, 1, 1, 0, 1, 0, 0], [1, 0, 1, 0, 0, 0, 0, 1, 0, 1, 1, 1, 0, 0, 1], [1, 0, 1, 0, 0, 0, 0, 1, 1, 0, 0, 0, 1, 1, 0], [1, 0, 1, 0, 0, 0, 0, 1, 1, 0, 0, 1, 0, 1, 1], [1, 0, 1, 0, 0, 0, 0, 1, 1, 0, 1, 0, 0, 0, 0], [1, 0, 1, 0, 0, 0, 0, 1, 1, 0, 1, 1, 1, 0, 1], [1, 0, 1, 0, 0, 0, 0, 1, 1, 1, 0, 0, 1, 0, 1], [1, 0, 1, 0, 0, 0, 0, 1, 1, 1, 0, 1, 0, 0, 0], [1, 0, 1, 0, 0, 0, 0, 1, 1, 1, 1, 0, 0, 1, 1], [1, 0, 1, 0, 0, 0, 0, 1, 1, 1, 1, 1, 1, 1, 0], [1, 0, 1, 0, 0, 1, 1, 0, 0, 0, 0, 0, 0, 0, 1], [1, 0, 1, 0, 0, 1, 1, 0, 0, 0, 0, 1, 1, 0, 0], [1, 0, 1, 0, 0, 1, 1, 0, 0, 0, 1, 0, 1, 1, 1], [1, 0, 1, 0, 0, 1, 1, 0, 0, 0, 1, 1, 0, 1, 0], [1, 0, 1, 0, 0, 1, 1, 0, 0, 1, 0, 0, 0, 1, 0], [1, 0, 1, 0, 0, 1, 1, 0, 0, 1, 0, 1, 1, 1, 1], [1, 0, 1, 0, 0, 1, 1, 0, 0, 1, 1, 0, 1, 0, 0], [1, 0, 1, 0, 0, 1, 1, 0, 0, 1, 1, 1, 0, 0, 1], [1, 0, 1, 0, 0, 1, 1, 0, 1, 0, 0, 0, 1, 1, 0], [1, 0, 1, 0, 0, 1, 1, 0, 1, 0, 0, 1, 0, 1, 1], [1, 0, 1, 0, 0, 1, 1, 0, 1, 0, 1, 0, 0, 0, 0], [1, 0, 1, 0, 0, 1, 1, 0, 1, 0, 1, 1, 1, 0, 1], [1, 0, 1, 0, 0, 1, 1, 0, 1, 1, 0, 0, 1, 0, 1], [1, 0, 1, 0, 0, 1, 1, 0, 1, 1, 0, 1, 0, 0, 0], [1, 0, 1, 0, 0, 1, 1, 0, 1, 1, 1, 0, 0, 1, 1], [1, 0, 1, 0, 0, 1, 1, 0, 1, 1, 1, 1, 1, 1, 0], [1, 0, 1, 0, 0, 1, 1, 1, 0, 0, 0, 0, 1, 1, 1], [1, 0, 1, 0, 0, 1, 1, 1, 0, 0, 0, 1, 0, 1, 0], [1, 0, 1, 0, 0, 1, 1, 1, 0, 0, 1, 0, 0, 0, 1], [1, 0, 1, 0, 0, 1, 1, 1, 0, 0, 1, 1, 1, 0, 0], [1, 0, 1, 0, 0, 1, 1, 1, 0, 1, 0, 0, 1, 0, 0], [1, 0, 1, 0, 0, 1, 1, 1, 0, 1, 0, 1, 0, 0, 1], [1, 0, 1, 0, 0, 1, 1, 1, 0, 1, 1, 0, 0, 1, 0], [1, 0, 1, 0, 0, 1, 1, 1, 0, 1, 1, 1, 1, 1, 1], [1, 0, 1, 0, 0, 1, 1, 1, 1, 0, 0, 0, 0, 0, 0], [1, 0, 1, 0, 0, 1, 1, 1, 1, 0, 0, 1, 1, 0, 1], [1, 0, 1, 0, 0, 1, 1, 1, 1, 0, 1, 0, 1, 1, 0], [1, 0, 1, 0, 0, 1, 1, 1, 1, 0, 1, 1, 0, 1, 1], [1, 0, 1, 0, 0, 1, 1, 1, 1, 1, 0, 0, 0, 1, 1], [1, 0, 1, 0, 0, 1, 1, 1, 1, 1, 0, 1, 1, 1, 0], [1, 0, 1, 0, 0, 1, 1, 1, 1, 1, 1, 0, 1, 0, 1], [1, 0, 1, 0, 0, 1, 1, 1, 1, 1, 1, 1, 0, 0, 0], [1, 0, 1, 0, 1, 0, 1, 0, 0, 0, 0, 0, 1, 0, 1], [1, 0, 1, 0, 1, 0, 1, 0, 0, 0, 0, 1, 0, 0, 0], [1, 0, 1, 0, 1, 0, 1, 0, 0, 0, 1, 0, 0, 1, 1], [1, 0, 1, 0, 1, 0, 1, 0, 0, 0, 1, 1, 1, 1, 0], [1, 0, 1, 0, 1, 0, 1, 0, 0, 1, 0, 0, 1, 1, 0], [1, 0, 1, 0, 1, 0, 1, 0, 0, 1, 0, 1, 0, 1, 1], [1, 0, 1, 0, 1, 0, 1, 0, 0, 1, 1, 0, 0, 0, 0], [1, 0, 1, 0, 1, 0, 1, 0, 0, 1, 1, 1, 1, 0, 1], [1, 0, 1, 0, 1, 0, 1, 0, 1, 0, 0, 0, 0, 1, 0], [1, 0, 1, 0, 1, 0, 1, 0, 1, 0, 0, 1, 1, 1, 1], [1, 0, 1, 0, 1, 0, 1, 0, 1, 0, 1, 0, 1, 0, 0], [1, 0, 1, 0, 1, 0, 1, 0, 1, 0, 1, 1, 0, 0, 1], [1, 0, 1, 0, 1, 0, 1, 0, 1, 1, 0, 0, 0, 0, 1], [1, 0, 1, 0, 1, 0, 1, 0, 1, 1, 0, 1, 1, 0, 0], [1, 0, 1, 0, 1, 0, 1, 0, 1, 1, 1, 0, 1, 1, 1], [1, 0, 1, 0, 1, 0, 1, 0, 1, 1, 1, 1, 0, 1, 0], [1, 0, 1, 0, 1, 0, 1, 1, 0, 0, 0, 0, 0, 1, 1], [1, 0, 1, 0, 1, 0, 1, 1, 0, 0, 0, 1, 1, 1, 0], [1, 0, 1, 0, 1, 0, 1, 1, 0, 0, 1, 0, 1, 0, 1], [1, 0, 1, 0, 1, 0, 1, 1, 0, 0, 1, 1, 0, 0, 0], [1, 0, 1, 0, 1, 0, 1, 1, 0, 1, 0, 0, 0, 0, 0], [1, 0, 1, 0, 1, 0, 1, 1, 0, 1, 0, 1, 1, 0, 1], [1, 0, 1, 0, 1, 0, 1, 1, 0, 1, 1, 0, 1, 1, 0], [1, 0, 1, 0, 1, 0, 1, 1, 0, 1, 1, 1, 0, 1, 1], [1, 0, 1, 0, 1, 0, 1, 1, 1, 0, 0, 0, 1, 0, 0], [1, 0, 1, 0, 1, 0, 1, 1, 1, 0, 0, 1, 0, 0, 1], [1, 0, 1, 0, 1, 0, 1, 1, 1, 0, 1, 0, 0, 1, 0], [1, 0, 1, 0, 1, 0, 1, 1, 1, 0, 1, 1, 1, 1, 1], [1, 0, 1, 0, 1, 0, 1, 1, 1, 1, 0, 0, 1, 1, 1], [1, 0, 1, 0, 1, 0, 1, 1, 1, 1, 0, 1, 0, 1, 0], [1, 0, 1, 0, 1, 0, 1, 1, 1, 1, 1, 0, 0, 0, 1], [1, 0, 1, 0, 1, 0, 1, 1, 1, 1, 1, 1, 1, 0, 0], [1, 0, 1, 0, 1, 1, 0, 0, 0, 0, 0, 0, 0, 1, 1], [1, 0, 1, 0, 1, 1, 0, 0, 0, 0, 0, 1, 1, 1, 0], [1, 0, 1, 0, 1, 1, 0, 0, 0, 0, 1, 0, 1, 0, 1], [1, 0, 1, 0, 1, 1, 0, 0, 0, 0, 1, 1, 0, 0, 0], [1, 0, 1, 0, 1, 1, 0, 0, 0, 1, 0, 0, 0, 0, 0], [1, 0, 1, 0, 1, 1, 0, 0, 0, 1, 0, 1, 1, 0, 1], [1, 0, 1, 0, 1, 1, 0, 0, 0, 1, 1, 0, 1, 1, 0], [1, 0, 1, 0, 1, 1, 0, 0, 0, 1, 1, 1, 0, 1, 1], [1, 0, 1, 0, 1, 1, 0, 0, 1, 0, 0, 0, 1, 0, 0], [1, 0, 1, 0, 1, 1, 0, 0, 1, 0, 0, 1, 0, 0, 1], [1, 0, 1, 0, 1, 1, 0, 0, 1, 0, 1, 0, 0, 1, 0], [1, 0, 1, 0, 1, 1, 0, 0, 1, 0, 1, 1, 1, 1, 1], [1, 0, 1, 0, 1, 1, 0, 0, 1, 1, 0, 0, 1, 1, 1], [1, 0, 1, 0, 1, 1, 0, 0, 1, 1, 0, 1, 0, 1, 0], [1, 0, 1, 0, 1, 1, 0, 0, 1, 1, 1, 0, 0, 0, 1], [1, 0, 1, 0, 1, 1, 0, 0, 1, 1, 1, 1, 1, 0, 0], [1, 0, 1, 0, 1, 1, 0, 1, 0, 0, 0, 0, 1, 0, 1], [1, 0, 1, 0, 1, 1, 0, 1, 0, 0, 0, 1, 0, 0, 0], [1, 0, 1, 0, 1, 1, 0, 1, 0, 0, 1, 0, 0, 1, 1], [1, 0, 1, 0, 1, 1, 0, 1, 0, 0, 1, 1, 1, 1, 0], [1, 0, 1, 0, 1, 1, 0, 1, 0, 1, 0, 0, 1, 1, 0], [1, 0, 1, 0, 1, 1, 0, 1, 0, 1, 0, 1, 0, 1, 1], [1, 0, 1, 0, 1, 1, 0, 1, 0, 1, 1, 0, 0, 0, 0], [1, 0, 1, 0, 1, 1, 0, 1, 0, 1, 1, 1, 1, 0, 1], [1, 0, 1, 0, 1, 1, 0, 1, 1, 0, 0, 0, 0, 1, 0], [1, 0, 1, 0, 1, 1, 0, 1, 1, 0, 0, 1, 1, 1, 1], [1, 0, 1, 0, 1, 1, 0, 1, 1, 0, 1, 0, 1, 0, 0], [1, 0, 1, 0, 1, 1, 0, 1, 1, 0, 1, 1, 0, 0, 1], [1, 0, 1, 0, 1, 1, 0, 1, 1, 1, 0, 0, 0, 0, 1], [1, 0, 1, 0, 1, 1, 0, 1, 1, 1, 0, 1, 1, 0, 0], [1, 0, 1, 0, 1, 1, 0, 1, 1, 1, 1, 0, 1, 1, 1], [1, 0, 1, 0, 1, 1, 0, 1, 1, 1, 1, 1, 0, 1, 0], [1, 0, 1, 1, 0, 0, 1, 0, 0, 0, 0, 0, 1, 1, 0], [1, 0, 1, 1, 0, 0, 1, 0, 0, 0, 0, 1, 0, 1, 1], [1, 0, 1, 1, 0, 0, 1, 0, 0, 0, 1, 0, 0, 0, 0], [1, 0, 1, 1, 0, 0, 1, 0, 0, 0, 1, 1, 1, 0, 1], [1, 0, 1, 1, 0, 0, 1, 0, 0, 1, 0, 0, 1, 0, 1], [1, 0, 1, 1, 0, 0, 1, 0, 0, 1, 0, 1, 0, 0, 0], [1, 0, 1, 1, 0, 0, 1, 0, 0, 1, 1, 0, 0, 1, 1], [1, 0, 1, 1, 0, 0, 1, 0, 0, 1, 1, 1, 1, 1, 0], [1, 0, 1, 1, 0, 0, 1, 0, 1, 0, 0, 0, 0, 0, 1], [1, 0, 1, 1, 0, 0, 1, 0, 1, 0, 0, 1, 1, 0, 0], [1, 0, 1, 1, 0, 0, 1, 0, 1, 0, 1, 0, 1, 1, 1], [1, 0, 1, 1, 0, 0, 1, 0, 1, 0, 1, 1, 0, 1, 0], [1, 0, 1, 1, 0, 0, 1, 0, 1, 1, 0, 0, 0, 1, 0], [1, 0, 1, 1, 0, 0, 1, 0, 1, 1, 0, 1, 1, 1, 1], [1, 0, 1, 1, 0, 0, 1, 0, 1, 1, 1, 0, 1, 0, 0], [1, 0, 1, 1, 0, 0, 1, 0, 1, 1, 1, 1, 0, 0, 1], [1, 0, 1, 1, 0, 0, 1, 1, 0, 0, 0, 0, 0, 0, 0], [1, 0, 1, 1, 0, 0, 1, 1, 0, 0, 0, 1, 1, 0, 1], [1, 0, 1, 1, 0, 0, 1, 1, 0, 0, 1, 0, 1, 1, 0], [1, 0, 1, 1, 0, 0, 1, 1, 0, 0, 1, 1, 0, 1, 1], [1, 0, 1, 1, 0, 0, 1, 1, 0, 1, 0, 0, 0, 1, 1], [1, 0, 1, 1, 0, 0, 1, 1, 0, 1, 0, 1, 1, 1, 0], [1, 0, 1, 1, 0, 0, 1, 1, 0, 1, 1, 0, 1, 0, 1], [1, 0, 1, 1, 0, 0, 1, 1, 0, 1, 1, 1, 0, 0, 0], [1, 0, 1, 1, 0, 0, 1, 1, 1, 0, 0, 0, 1, 1, 1], [1, 0, 1, 1, 0, 0, 1, 1, 1, 0, 0, 1, 0, 1, 0], [1, 0, 1, 1, 0, 0, 1, 1, 1, 0, 1, 0, 0, 0, 1], [1, 0, 1, 1, 0, 0, 1, 1, 1, 0, 1, 1, 1, 0, 0], [1, 0, 1, 1, 0, 0, 1, 1, 1, 1, 0, 0, 1, 0, 0], [1, 0, 1, 1, 0, 0, 1, 1, 1, 1, 0, 1, 0, 0, 1], [1, 0, 1, 1, 0, 0, 1, 1, 1, 1, 1, 0, 0, 1, 0], [1, 0, 1, 1, 0, 0, 1, 1, 1, 1, 1, 1, 1, 1, 1], [1, 0, 1, 1, 0, 1, 0, 0, 0, 0, 0, 0, 0, 0, 0], [1, 0, 1, 1, 0, 1, 0, 0, 0, 0, 0, 1, 1, 0, 1], [1, 0, 1, 1, 0, 1, 0, 0, 0, 0, 1, 0, 1, 1, 0], [1, 0, 1, 1, 0, 1, 0, 0, 0, 0, 1, 1, 0, 1, 1], [1, 0, 1, 1, 0, 1, 0, 0, 0, 1, 0, 0, 0, 1, 1], [1, 0, 1, 1, 0, 1, 0, 0, 0, 1, 0, 1, 1, 1, 0], [1, 0, 1, 1, 0, 1, 0, 0, 0, 1, 1, 0, 1, 0, 1], [1, 0, 1, 1, 0, 1, 0, 0, 0, 1, 1, 1, 0, 0, 0], [1, 0, 1, 1, 0, 1, 0, 0, 1, 0, 0, 0, 1, 1, 1], [1, 0, 1, 1, 0, 1, 0, 0, 1, 0, 0, 1, 0, 1, 0], [1, 0, 1, 1, 0, 1, 0, 0, 1, 0, 1, 0, 0, 0, 1], [1, 0, 1, 1, 0, 1, 0, 0, 1, 0, 1, 1, 1, 0, 0], [1, 0, 1, 1, 0, 1, 0, 0, 1, 1, 0, 0, 1, 0, 0], [1, 0, 1, 1, 0, 1, 0, 0, 1, 1, 0, 1, 0, 0, 1], [1, 0, 1, 1, 0, 1, 0, 0, 1, 1, 1, 0, 0, 1, 0], [1, 0, 1, 1, 0, 1, 0, 0, 1, 1, 1, 1, 1, 1, 1], [1, 0, 1, 1, 0, 1, 0, 1, 0, 0, 0, 0, 1, 1, 0], [1, 0, 1, 1, 0, 1, 0, 1, 0, 0, 0, 1, 0, 1, 1], [1, 0, 1, 1, 0, 1, 0, 1, 0, 0, 1, 0, 0, 0, 0], [1, 0, 1, 1, 0, 1, 0, 1, 0, 0, 1, 1, 1, 0, 1], [1, 0, 1, 1, 0, 1, 0, 1, 0, 1, 0, 0, 1, 0, 1], [1, 0, 1, 1, 0, 1, 0, 1, 0, 1, 0, 1, 0, 0, 0], [1, 0, 1, 1, 0, 1, 0, 1, 0, 1, 1, 0, 0, 1, 1], [1, 0, 1, 1, 0, 1, 0, 1, 0, 1, 1, 1, 1, 1, 0], [1, 0, 1, 1, 0, 1, 0, 1, 1, 0, 0, 0, 0, 0, 1], [1, 0, 1, 1, 0, 1, 0, 1, 1, 0, 0, 1, 1, 0, 0], [1, 0, 1, 1, 0, 1, 0, 1, 1, 0, 1, 0, 1, 1, 1], [1, 0, 1, 1, 0, 1, 0, 1, 1, 0, 1, 1, 0, 1, 0], [1, 0, 1, 1, 0, 1, 0, 1, 1, 1, 0, 0, 0, 1, 0], [1, 0, 1, 1, 0, 1, 0, 1, 1, 1, 0, 1, 1, 1, 1], [1, 0, 1, 1, 0, 1, 0, 1, 1, 1, 1, 0, 1, 0, 0], [1, 0, 1, 1, 0, 1, 0, 1, 1, 1, 1, 1, 0, 0, 1], [1, 0, 1, 1, 1, 0, 0, 0, 0, 0, 0, 0, 1, 0, 0], [1, 0, 1, 1, 1, 0, 0, 0, 0, 0, 0, 1, 0, 0, 1], [1, 0, 1, 1, 1, 0, 0, 0, 0, 0, 1, 0, 0, 1, 0], [1, 0, 1, 1, 1, 0, 0, 0, 0, 0, 1, 1, 1, 1, 1], [1, 0, 1, 1, 1, 0, 0, 0, 0, 1, 0, 0, 1, 1, 1], [1, 0, 1, 1, 1, 0, 0, 0, 0, 1, 0, 1, 0, 1, 0], [1, 0, 1, 1, 1, 0, 0, 0, 0, 1, 1, 0, 0, 0, 1], [1, 0, 1, 1, 1, 0, 0, 0, 0, 1, 1, 1, 1, 0, 0], [1, 0, 1, 1, 1, 0, 0, 0, 1, 0, 0, 0, 0, 1, 1], [1, 0, 1, 1, 1, 0, 0, 0, 1, 0, 0, 1, 1, 1, 0], [1, 0, 1, 1, 1, 0, 0, 0, 1, 0, 1, 0, 1, 0, 1], [1, 0, 1, 1, 1, 0, 0, 0, 1, 0, 1, 1, 0, 0, 0], [1, 0, 1, 1, 1, 0, 0, 0, 1, 1, 0, 0, 0, 0, 0], [1, 0, 1, 1, 1, 0, 0, 0, 1, 1, 0, 1, 1, 0, 1], [1, 0, 1, 1, 1, 0, 0, 0, 1, 1, 1, 0, 1, 1, 0], [1, 0, 1, 1, 1, 0, 0, 0, 1, 1, 1, 1, 0, 1, 1], [1, 0, 1, 1, 1, 0, 0, 1, 0, 0, 0, 0, 0, 1, 0], [1, 0, 1, 1, 1, 0, 0, 1, 0, 0, 0, 1, 1, 1, 1], [1, 0, 1, 1, 1, 0, 0, 1, 0, 0, 1, 0, 1, 0, 0], [1, 0, 1, 1, 1, 0, 0, 1, 0, 0, 1, 1, 0, 0, 1], [1, 0, 1, 1, 1, 0, 0, 1, 0, 1, 0, 0, 0, 0, 1], [1, 0, 1, 1, 1, 0, 0, 1, 0, 1, 0, 1, 1, 0, 0], [1, 0, 1, 1, 1, 0, 0, 1, 0, 1, 1, 0, 1, 1, 1], [1, 0, 1, 1, 1, 0, 0, 1, 0, 1, 1, 1, 0, 1, 0], [1, 0, 1, 1, 1, 0, 0, 1, 1, 0, 0, 0, 1, 0, 1], [1, 0, 1, 1, 1, 0, 0, 1, 1, 0, 0, 1, 0, 0, 0], [1, 0, 1, 1, 1, 0, 0, 1, 1, 0, 1, 0, 0, 1, 1], [1, 0, 1, 1, 1, 0, 0, 1, 1, 0, 1, 1, 1, 1, 0], [1, 0, 1, 1, 1, 0, 0, 1, 1, 1, 0, 0, 1, 1, 0], [1, 0, 1, 1, 1, 0, 0, 1, 1, 1, 0, 1, 0, 1, 1], [1, 0, 1, 1, 1, 0, 0, 1, 1, 1, 1, 0, 0, 0, 0], [1, 0, 1, 1, 1, 0, 0, 1, 1, 1, 1, 1, 1, 0, 1], [1, 0, 1, 1, 1, 1, 1, 0, 0, 0, 0, 0, 0, 1, 0], [1, 0, 1, 1, 1, 1, 1, 0, 0, 0, 0, 1, 1, 1, 1], [1, 0, 1, 1, 1, 1, 1, 0, 0, 0, 1, 0, 1, 0, 0], [1, 0, 1, 1, 1, 1, 1, 0, 0, 0, 1, 1, 0, 0, 1], [1, 0, 1, 1, 1, 1, 1, 0, 0, 1, 0, 0, 0, 0, 1], [1, 0, 1, 1, 1, 1, 1, 0, 0, 1, 0, 1, 1, 0, 0], [1, 0, 1, 1, 1, 1, 1, 0, 0, 1, 1, 0, 1, 1, 1], [1, 0, 1, 1, 1, 1, 1, 0, 0, 1, 1, 1, 0, 1, 0], [1, 0, 1, 1, 1, 1, 1, 0, 1, 0, 0, 0, 1, 0, 1], [1, 0, 1, 1, 1, 1, 1, 0, 1, 0, 0, 1, 0, 0, 0], [1, 0, 1, 1, 1, 1, 1, 0, 1, 0, 1, 0, 0, 1, 1], [1, 0, 1, 1, 1, 1, 1, 0, 1, 0, 1, 1, 1, 1, 0], [1, 0, 1, 1, 1, 1, 1, 0, 1, 1, 0, 0, 1, 1, 0], [1, 0, 1, 1, 1, 1, 1, 0, 1, 1, 0, 1, 0, 1, 1], [1, 0, 1, 1, 1, 1, 1, 0, 1, 1, 1, 0, 0, 0, 0], [1, 0, 1, 1, 1, 1, 1, 0, 1, 1, 1, 1, 1, 0, 1], [1, 0, 1, 1, 1, 1, 1, 1, 0, 0, 0, 0, 1, 0, 0], [1, 0, 1, 1, 1, 1, 1, 1, 0, 0, 0, 1, 0, 0, 1], [1, 0, 1, 1, 1, 1, 1, 1, 0, 0, 1, 0, 0, 1, 0], [1, 0, 1, 1, 1, 1, 1, 1, 0, 0, 1, 1, 1, 1, 1], [1, 0, 1, 1, 1, 1, 1, 1, 0, 1, 0, 0, 1, 1, 1], [1, 0, 1, 1, 1, 1, 1, 1, 0, 1, 0, 1, 0, 1, 0], [1, 0, 1, 1, 1, 1, 1, 1, 0, 1, 1, 0, 0, 0, 1], [1, 0, 1, 1, 1, 1, 1, 1, 0, 1, 1, 1, 1, 0, 0], [1, 0, 1, 1, 1, 1, 1, 1, 1, 0, 0, 0, 0, 1, 1], [1, 0, 1, 1, 1, 1, 1, 1, 1, 0, 0, 1, 1, 1, 0], [1, 0, 1, 1, 1, 1, 1, 1, 1, 0, 1, 0, 1, 0, 1], [1, 0, 1, 1, 1, 1, 1, 1, 1, 0, 1, 1, 0, 0, 0], [1, 0, 1, 1, 1, 1, 1, 1, 1, 1, 0, 0, 0, 0, 0], [1, 0, 1, 1, 1, 1, 1, 1, 1, 1, 0, 1, 1, 0, 1], [1, 0, 1, 1, 1, 1, 1, 1, 1, 1, 1, 0, 1, 1, 0], [1, 0, 1, 1, 1, 1, 1, 1, 1, 1, 1, 1, 0, 1, 1], [1, 1, 0, 0, 0, 0, 0, 0, 0, 0, 0, 0, 0, 1, 1], [1, 1, 0, 0, 0, 0, 0, 0, 0, 0, 0, 1, 1, 1, 0], [1, 1, 0, 0, 0, 0, 0, 0, 0, 0, 1, 0, 1, 0, 1], [1, 1, 0, 0, 0, 0, 0, 0, 0, 0, 1, 1, 0, 0, 0], [1, 1, 0, 0, 0, 0, 0, 0, 0, 1, 0, 0, 0, 0, 0], [1, 1, 0, 0, 0, 0, 0, 0, 0, 1, 0, 1, 1, 0, 1], [1, 1, 0, 0, 0, 0, 0, 0, 0, 1, 1, 0, 1, 1, 0], [1, 1, 0, 0, 0, 0, 0, 0, 0, 1, 1, 1, 0, 1, 1], [1, 1, 0, 0, 0, 0, 0, 0, 1, 0, 0, 0, 1, 0, 0], [1, 1, 0, 0, 0, 0, 0, 0, 1, 0, 0, 1, 0, 0, 1], [1, 1, 0, 0, 0, 0, 0, 0, 1, 0, 1, 0, 0, 1, 0], [1, 1, 0, 0, 0, 0, 0, 0, 1, 0, 1, 1, 1, 1, 1], [1, 1, 0, 0, 0, 0, 0, 0, 1, 1, 0, 0, 1, 1, 1], [1, 1, 0, 0, 0, 0, 0, 0, 1, 1, 0, 1, 0, 1, 0], [1, 1, 0, 0, 0, 0, 0, 0, 1, 1, 1, 0, 0, 0, 1], [1, 1, 0, 0, 0, 0, 0, 0, 1, 1, 1, 1, 1, 0, 0], [1, 1, 0, 0, 0, 0, 0, 1, 0, 0, 0, 0, 1, 0, 1], [1, 1, 0, 0, 0, 0, 0, 1, 0, 0, 0, 1, 0, 0, 0], [1, 1, 0, 0, 0, 0, 0, 1, 0, 0, 1, 0, 0, 1, 1], [1, 1, 0, 0, 0, 0, 0, 1, 0, 0, 1, 1, 1, 1, 0], [1, 1, 0, 0, 0, 0, 0, 1, 0, 1, 0, 0, 1, 1, 0], [1, 1, 0, 0, 0, 0, 0, 1, 0, 1, 0, 1, 0, 1, 1], [1, 1, 0, 0, 0, 0, 0, 1, 0, 1, 1, 0, 0, 0, 0], [1, 1, 0, 0, 0, 0, 0, 1, 0, 1, 1, 1, 1, 0, 1], [1, 1, 0, 0, 0, 0, 0, 1, 1, 0, 0, 0, 0, 1, 0], [1, 1, 0, 0, 0, 0, 0, 1, 1, 0, 0, 1, 1, 1, 1], [1, 1, 0, 0, 0, 0, 0, 1, 1, 0, 1, 0, 1, 0, 0], [1, 1, 0, 0, 0, 0, 0, 1, 1, 0, 1, 1, 0, 0, 1], [1, 1, 0, 0, 0, 0, 0, 1, 1, 1, 0, 0, 0, 0, 1], [1, 1, 0, 0, 0, 0, 0, 1, 1, 1, 0, 1, 1, 0, 0], [1, 1, 0, 0, 0, 0, 0, 1, 1, 1, 1, 0, 1, 1, 1], [1, 1, 0, 0, 0, 0, 0, 1, 1, 1, 1, 1, 0, 1, 0], [1, 1, 0, 0, 0, 1, 1, 0, 0, 0, 0, 0, 1, 0, 1], [1, 1, 0, 0, 0, 1, 1, 0, 0, 0, 0, 1, 0, 0, 0], [1, 1, 0, 0, 0, 1, 1, 0, 0, 0, 1, 0, 0, 1, 1], [1, 1, 0, 0, 0, 1, 1, 0, 0, 0, 1, 1, 1, 1, 0], [1, 1, 0, 0, 0, 1, 1, 0, 0, 1, 0, 0, 1, 1, 0], [1, 1, 0, 0, 0, 1, 1, 0, 0, 1, 0, 1, 0, 1, 1], [1, 1, 0, 0, 0, 1, 1, 0, 0, 1, 1, 0, 0, 0, 0], [1, 1, 0, 0, 0, 1, 1, 0, 0, 1, 1, 1, 1, 0, 1], [1, 1, 0, 0, 0, 1, 1, 0, 1, 0, 0, 0, 0, 1, 0], [1, 1, 0, 0, 0, 1, 1, 0, 1, 0, 0, 1, 1, 1, 1], [1, 1, 0, 0, 0, 1, 1, 0, 1, 0, 1, 0, 1, 0, 0], [1, 1, 0, 0, 0, 1, 1, 0, 1, 0, 1, 1, 0, 0, 1], [1, 1, 0, 0, 0, 1, 1, 0, 1, 1, 0, 0, 0, 0, 1], [1, 1, 0, 0, 0, 1, 1, 0, 1, 1, 0, 1, 1, 0, 0], [1, 1, 0, 0, 0, 1, 1, 0, 1, 1, 1, 0, 1, 1, 1], [1, 1, 0, 0, 0, 1, 1, 0, 1, 1, 1, 1, 0, 1, 0], [1, 1, 0, 0, 0, 1, 1, 1, 0, 0, 0, 0, 0, 1, 1], [1, 1, 0, 0, 0, 1, 1, 1, 0, 0, 0, 1, 1, 1, 0], [1, 1, 0, 0, 0, 1, 1, 1, 0, 0, 1, 0, 1, 0, 1], [1, 1, 0, 0, 0, 1, 1, 1, 0, 0, 1, 1, 0, 0, 0], [1, 1, 0, 0, 0, 1, 1, 1, 0, 1, 0, 0, 0, 0, 0], [1, 1, 0, 0, 0, 1, 1, 1, 0, 1, 0, 1, 1, 0, 1], [1, 1, 0, 0, 0, 1, 1, 1, 0, 1, 1, 0, 1, 1, 0], [1, 1, 0, 0, 0, 1, 1, 1, 0, 1, 1, 1, 0, 1, 1], [1, 1, 0, 0, 0, 1, 1, 1, 1, 0, 0, 0, 1, 0, 0], [1, 1, 0, 0, 0, 1, 1, 1, 1, 0, 0, 1, 0, 0, 1], [1, 1, 0, 0, 0, 1, 1, 1, 1, 0, 1, 0, 0, 1, 0], [1, 1, 0, 0, 0, 1, 1, 1, 1, 0, 1, 1, 1, 1, 1], [1, 1, 0, 0, 0, 1, 1, 1, 1, 1, 0, 0, 1, 1, 1], [1, 1, 0, 0, 0, 1, 1, 1, 1, 1, 0, 1, 0, 1, 0], [1, 1, 0, 0, 0, 1, 1, 1, 1, 1, 1, 0, 0, 0, 1], [1, 1, 0, 0, 0, 1, 1, 1, 1, 1, 1, 1, 1, 0, 0], [1, 1, 0, 0, 1, 0, 1, 0, 0, 0, 0, 0, 0, 0, 1], [1, 1, 0, 0, 1, 0, 1, 0, 0, 0, 0, 1, 1, 0, 0], [1, 1, 0, 0, 1, 0, 1, 0, 0, 0, 1, 0, 1, 1, 1], [1, 1, 0, 0, 1, 0, 1, 0, 0, 0, 1, 1, 0, 1, 0], [1, 1, 0, 0, 1, 0, 1, 0, 0, 1, 0, 0, 0, 1, 0], [1, 1, 0, 0, 1, 0, 1, 0, 0, 1, 0, 1, 1, 1, 1], [1, 1, 0, 0, 1, 0, 1, 0, 0, 1, 1, 0, 1, 0, 0], [1, 1, 0, 0, 1, 0, 1, 0, 0, 1, 1, 1, 0, 0, 1], [1, 1, 0, 0, 1, 0, 1, 0, 1, 0, 0, 0, 1, 1, 0], [1, 1, 0, 0, 1, 0, 1, 0, 1, 0, 0, 1, 0, 1, 1], [1, 1, 0, 0, 1, 0, 1, 0, 1, 0, 1, 0, 0, 0, 0], [1, 1, 0, 0, 1, 0, 1, 0, 1, 0, 1, 1, 1, 0, 1], [1, 1, 0, 0, 1, 0, 1, 0, 1, 1, 0, 0, 1, 0, 1], [1, 1, 0, 0, 1, 0, 1, 0, 1, 1, 0, 1, 0, 0, 0], [1, 1, 0, 0, 1, 0, 1, 0, 1, 1, 1, 0, 0, 1, 1], [1, 1, 0, 0, 1, 0, 1, 0, 1, 1, 1, 1, 1, 1, 0], [1, 1, 0, 0, 1, 0, 1, 1, 0, 0, 0, 0, 1, 1, 1], [1, 1, 0, 0, 1, 0, 1, 1, 0, 0, 0, 1, 0, 1, 0], [1, 1, 0, 0, 1, 0, 1, 1, 0, 0, 1, 0, 0, 0, 1], [1, 1, 0, 0, 1, 0, 1, 1, 0, 0, 1, 1, 1, 0, 0], [1, 1, 0, 0, 1, 0, 1, 1, 0, 1, 0, 0, 1, 0, 0], [1, 1, 0, 0, 1, 0, 1, 1, 0, 1, 0, 1, 0, 0, 1], [1, 1, 0, 0, 1, 0, 1, 1, 0, 1, 1, 0, 0, 1, 0], [1, 1, 0, 0, 1, 0, 1, 1, 0, 1, 1, 1, 1, 1, 1], [1, 1, 0, 0, 1, 0, 1, 1, 1, 0, 0, 0, 0, 0, 0], [1, 1, 0, 0, 1, 0, 1, 1, 1, 0, 0, 1, 1, 0, 1], [1, 1, 0, 0, 1, 0, 1, 1, 1, 0, 1, 0, 1, 1, 0], [1, 1, 0, 0, 1, 0, 1, 1, 1, 0, 1, 1, 0, 1, 1], [1, 1, 0, 0, 1, 0, 1, 1, 1, 1, 0, 0, 0, 1, 1], [1, 1, 0, 0, 1, 0, 1, 1, 1, 1, 0, 1, 1, 1, 0], [1, 1, 0, 0, 1, 0, 1, 1, 1, 1, 1, 0, 1, 0, 1], [1, 1, 0, 0, 1, 0, 1, 1, 1, 1, 1, 1, 0, 0, 0], [1, 1, 0, 0, 1, 1, 0, 0, 0, 0, 0, 0, 1, 1, 1], [1, 1, 0, 0, 1, 1, 0, 0, 0, 0, 0, 1, 0, 1, 0], [1, 1, 0, 0, 1, 1, 0, 0, 0, 0, 1, 0, 0, 0, 1], [1, 1, 0, 0, 1, 1, 0, 0, 0, 0, 1, 1, 1, 0, 0], [1, 1, 0, 0, 1, 1, 0, 0, 0, 1, 0, 0, 1, 0, 0], [1, 1, 0, 0, 1, 1, 0, 0, 0, 1, 0, 1, 0, 0, 1], [1, 1, 0, 0, 1, 1, 0, 0, 0, 1, 1, 0, 0, 1, 0], [1, 1, 0, 0, 1, 1, 0, 0, 0, 1, 1, 1, 1, 1, 1], [1, 1, 0, 0, 1, 1, 0, 0, 1, 0, 0, 0, 0, 0, 0], [1, 1, 0, 0, 1, 1, 0, 0, 1, 0, 0, 1, 1, 0, 1], [1, 1, 0, 0, 1, 1, 0, 0, 1, 0, 1, 0, 1, 1, 0], [1, 1, 0, 0, 1, 1, 0, 0, 1, 0, 1, 1, 0, 1, 1], [1, 1, 0, 0, 1, 1, 0, 0, 1, 1, 0, 0, 0, 1, 1], [1, 1, 0, 0, 1, 1, 0, 0, 1, 1, 0, 1, 1, 1, 0], [1, 1, 0, 0, 1, 1, 0, 0, 1, 1, 1, 0, 1, 0, 1], [1, 1, 0, 0, 1, 1, 0, 0, 1, 1, 1, 1, 0, 0, 0], [1, 1, 0, 0, 1, 1, 0, 1, 0, 0, 0, 0, 0, 0, 1], [1, 1, 0, 0, 1, 1, 0, 1, 0, 0, 0, 1, 1, 0, 0], [1, 1, 0, 0, 1, 1, 0, 1, 0, 0, 1, 0, 1, 1, 1], [1, 1, 0, 0, 1, 1, 0, 1, 0, 0, 1, 1, 0, 1, 0], [1, 1, 0, 0, 1, 1, 0, 1, 0, 1, 0, 0, 0, 1, 0], [1, 1, 0, 0, 1, 1, 0, 1, 0, 1, 0, 1, 1, 1, 1], [1, 1, 0, 0, 1, 1, 0, 1, 0, 1, 1, 0, 1, 0, 0], [1, 1, 0, 0, 1, 1, 0, 1, 0, 1, 1, 1, 0, 0, 1], [1, 1, 0, 0, 1, 1, 0, 1, 1, 0, 0, 0, 1, 1, 0], [1, 1, 0, 0, 1, 1, 0, 1, 1, 0, 0, 1, 0, 1, 1], [1, 1, 0, 0, 1, 1, 0, 1, 1, 0, 1, 0, 0, 0, 0], [1, 1, 0, 0, 1, 1, 0, 1, 1, 0, 1, 1, 1, 0, 1], [1, 1, 0, 0, 1, 1, 0, 1, 1, 1, 0, 0, 1, 0, 1], [1, 1, 0, 0, 1, 1, 0, 1, 1, 1, 0, 1, 0, 0, 0], [1, 1, 0, 0, 1, 1, 0, 1, 1, 1, 1, 0, 0, 1, 1], [1, 1, 0, 0, 1, 1, 0, 1, 1, 1, 1, 1, 1, 1, 0], [1, 1, 0, 1, 0, 0, 1, 0, 0, 0, 0, 0, 0, 1, 0], [1, 1, 0, 1, 0, 0, 1, 0, 0, 0, 0, 1, 1, 1, 1], [1, 1, 0, 1, 0, 0, 1, 0, 0, 0, 1, 0, 1, 0, 0], [1, 1, 0, 1, 0, 0, 1, 0, 0, 0, 1, 1, 0, 0, 1], [1, 1, 0, 1, 0, 0, 1, 0, 0, 1, 0, 0, 0, 0, 1], [1, 1, 0, 1, 0, 0, 1, 0, 0, 1, 0, 1, 1, 0, 0], [1, 1, 0, 1, 0, 0, 1, 0, 0, 1, 1, 0, 1, 1, 1], [1, 1, 0, 1, 0, 0, 1, 0, 0, 1, 1, 1, 0, 1, 0], [1, 1, 0, 1, 0, 0, 1, 0, 1, 0, 0, 0, 1, 0, 1], [1, 1, 0, 1, 0, 0, 1, 0, 1, 0, 0, 1, 0, 0, 0], [1, 1, 0, 1, 0, 0, 1, 0, 1, 0, 1, 0, 0, 1, 1], [1, 1, 0, 1, 0, 0, 1, 0, 1, 0, 1, 1, 1, 1, 0], [1, 1, 0, 1, 0, 0, 1, 0, 1, 1, 0, 0, 1, 1, 0], [1, 1, 0, 1, 0, 0, 1, 0, 1, 1, 0, 1, 0, 1, 1], [1, 1, 0, 1, 0, 0, 1, 0, 1, 1, 1, 0, 0, 0, 0], [1, 1, 0, 1, 0, 0, 1, 0, 1, 1, 1, 1, 1, 0, 1], [1, 1, 0, 1, 0, 0, 1, 1, 0, 0, 0, 0, 1, 0, 0], [1, 1, 0, 1, 0, 0, 1, 1, 0, 0, 0, 1, 0, 0, 1], [1, 1, 0, 1, 0, 0, 1, 1, 0, 0, 1, 0, 0, 1, 0], [1, 1, 0, 1, 0, 0, 1, 1, 0, 0, 1, 1, 1, 1, 1], [1, 1, 0, 1, 0, 0, 1, 1, 0, 1, 0, 0, 1, 1, 1], [1, 1, 0, 1, 0, 0, 1, 1, 0, 1, 0, 1, 0, 1, 0], [1, 1, 0, 1, 0, 0, 1, 1, 0, 1, 1, 0, 0, 0, 1], [1, 1, 0, 1, 0, 0, 1, 1, 0, 1, 1, 1, 1, 0, 0], [1, 1, 0, 1, 0, 0, 1, 1, 1, 0, 0, 0, 0, 1, 1], [1, 1, 0, 1, 0, 0, 1, 1, 1, 0, 0, 1, 1, 1, 0], [1, 1, 0, 1, 0, 0, 1, 1, 1, 0, 1, 0, 1, 0, 1], [1, 1, 0, 1, 0, 0, 1, 1, 1, 0, 1, 1, 0, 0, 0], [1, 1, 0, 1, 0, 0, 1, 1, 1, 1, 0, 0, 0, 0, 0], [1, 1, 0, 1, 0, 0, 1, 1, 1, 1, 0, 1, 1, 0, 1], [1, 1, 0, 1, 0, 0, 1, 1, 1, 1, 1, 0, 1, 1, 0], [1, 1, 0, 1, 0, 0, 1, 1, 1, 1, 1, 1, 0, 1, 1], [1, 1, 0, 1, 0, 1, 0, 0, 0, 0, 0, 0, 1, 0, 0], [1, 1, 0, 1, 0, 1, 0, 0, 0, 0, 0, 1, 0, 0, 1], [1, 1, 0, 1, 0, 1, 0, 0, 0, 0, 1, 0, 0, 1, 0], [1, 1, 0, 1, 0, 1, 0, 0, 0, 0, 1, 1, 1, 1, 1], [1, 1, 0, 1, 0, 1, 0, 0, 0, 1, 0, 0, 1, 1, 1], [1, 1, 0, 1, 0, 1, 0, 0, 0, 1, 0, 1, 0, 1, 0], [1, 1, 0, 1, 0, 1, 0, 0, 0, 1, 1, 0, 0, 0, 1], [1, 1, 0, 1, 0, 1, 0, 0, 0, 1, 1, 1, 1, 0, 0], [1, 1, 0, 1, 0, 1, 0, 0, 1, 0, 0, 0, 0, 1, 1], [1, 1, 0, 1, 0, 1, 0, 0, 1, 0, 0, 1, 1, 1, 0], [1, 1, 0, 1, 0, 1, 0, 0, 1, 0, 1, 0, 1, 0, 1], [1, 1, 0, 1, 0, 1, 0, 0, 1, 0, 1, 1, 0, 0, 0], [1, 1, 0, 1, 0, 1, 0, 0, 1, 1, 0, 0, 0, 0, 0], [1, 1, 0, 1, 0, 1, 0, 0, 1, 1, 0, 1, 1, 0, 1], [1, 1, 0, 1, 0, 1, 0, 0, 1, 1, 1, 0, 1, 1, 0], [1, 1, 0, 1, 0, 1, 0, 0, 1, 1, 1, 1, 0, 1, 1], [1, 1, 0, 1, 0, 1, 0, 1, 0, 0, 0, 0, 0, 1, 0], [1, 1, 0, 1, 0, 1, 0, 1, 0, 0, 0, 1, 1, 1, 1], [1, 1, 0, 1, 0, 1, 0, 1, 0, 0, 1, 0, 1, 0, 0], [1, 1, 0, 1, 0, 1, 0, 1, 0, 0, 1, 1, 0, 0, 1], [1, 1, 0, 1, 0, 1, 0, 1, 0, 1, 0, 0, 0, 0, 1], [1, 1, 0, 1, 0, 1, 0, 1, 0, 1, 0, 1, 1, 0, 0], [1, 1, 0, 1, 0, 1, 0, 1, 0, 1, 1, 0, 1, 1, 1], [1, 1, 0, 1, 0, 1, 0, 1, 0, 1, 1, 1, 0, 1, 0], [1, 1, 0, 1, 0, 1, 0, 1, 1, 0, 0, 0, 1, 0, 1], [1, 1, 0, 1, 0, 1, 0, 1, 1, 0, 0, 1, 0, 0, 0], [1, 1, 0, 1, 0, 1, 0, 1, 1, 0, 1, 0, 0, 1, 1], [1, 1, 0, 1, 0, 1, 0, 1, 1, 0, 1, 1, 1, 1, 0], [1, 1, 0, 1, 0, 1, 0, 1, 1, 1, 0, 0, 1, 1, 0], [1, 1, 0, 1, 0, 1, 0, 1, 1, 1, 0, 1, 0, 1, 1], [1, 1, 0, 1, 0, 1, 0, 1, 1, 1, 1, 0, 0, 0, 0], [1, 1, 0, 1, 0, 1, 0, 1, 1, 1, 1, 1, 1, 0, 1], [1, 1, 0, 1, 1, 0, 0, 0, 0, 0, 0, 0, 0, 0, 0], [1, 1, 0, 1, 1, 0, 0, 0, 0, 0, 0, 1, 1, 0, 1], [1, 1, 0, 1, 1, 0, 0, 0, 0, 0, 1, 0, 1, 1, 0], [1, 1, 0, 1, 1, 0, 0, 0, 0, 0, 1, 1, 0, 1, 1], [1, 1, 0, 1, 1, 0, 0, 0, 0, 1, 0, 0, 0, 1, 1], [1, 1, 0, 1, 1, 0, 0, 0, 0, 1, 0, 1, 1, 1, 0], [1, 1, 0, 1, 1, 0, 0, 0, 0, 1, 1, 0, 1, 0, 1], [1, 1, 0, 1, 1, 0, 0, 0, 0, 1, 1, 1, 0, 0, 0], [1, 1, 0, 1, 1, 0, 0, 0, 1, 0, 0, 0, 1, 1, 1], [1, 1, 0, 1, 1, 0, 0, 0, 1, 0, 0, 1, 0, 1, 0], [1, 1, 0, 1, 1, 0, 0, 0, 1, 0, 1, 0, 0, 0, 1], [1, 1, 0, 1, 1, 0, 0, 0, 1, 0, 1, 1, 1, 0, 0], [1, 1, 0, 1, 1, 0, 0, 0, 1, 1, 0, 0, 1, 0, 0], [1, 1, 0, 1, 1, 0, 0, 0, 1, 1, 0, 1, 0, 0, 1], [1, 1, 0, 1, 1, 0, 0, 0, 1, 1, 1, 0, 0, 1, 0], [1, 1, 0, 1, 1, 0, 0, 0, 1, 1, 1, 1, 1, 1, 1], [1, 1, 0, 1, 1, 0, 0, 1, 0, 0, 0, 0, 1, 1, 0], [1, 1, 0, 1, 1, 0, 0, 1, 0, 0, 0, 1, 0, 1, 1], [1, 1, 0, 1, 1, 0, 0, 1, 0, 0, 1, 0, 0, 0, 0], [1, 1, 0, 1, 1, 0, 0, 1, 0, 0, 1, 1, 1, 0, 1], [1, 1, 0, 1, 1, 0, 0, 1, 0, 1, 0, 0, 1, 0, 1], [1, 1, 0, 1, 1, 0, 0, 1, 0, 1, 0, 1, 0, 0, 0], [1, 1, 0, 1, 1, 0, 0, 1, 0, 1, 1, 0, 0, 1, 1], [1, 1, 0, 1, 1, 0, 0, 1, 0, 1, 1, 1, 1, 1, 0], [1, 1, 0, 1, 1, 0, 0, 1, 1, 0, 0, 0, 0, 0, 1], [1, 1, 0, 1, 1, 0, 0, 1, 1, 0, 0, 1, 1, 0, 0], [1, 1, 0, 1, 1, 0, 0, 1, 1, 0, 1, 0, 1, 1, 1], [1, 1, 0, 1, 1, 0, 0, 1, 1, 0, 1, 1, 0, 1, 0], [1, 1, 0, 1, 1, 0, 0, 1, 1, 1, 0, 0, 0, 1, 0], [1, 1, 0, 1, 1, 0, 0, 1, 1, 1, 0, 1, 1, 1, 1], [1, 1, 0, 1, 1, 0, 0, 1, 1, 1, 1, 0, 1, 0, 0], [1, 1, 0, 1, 1, 0, 0, 1, 1, 1, 1, 1, 0, 0, 1], [1, 1, 0, 1, 1, 1, 1, 0, 0, 0, 0, 0, 1, 1, 0], [1, 1, 0, 1, 1, 1, 1, 0, 0, 0, 0, 1, 0, 1, 1], [1, 1, 0, 1, 1, 1, 1, 0, 0, 0, 1, 0, 0, 0, 0], [1, 1, 0, 1, 1, 1, 1, 0, 0, 0, 1, 1, 1, 0, 1], [1, 1, 0, 1, 1, 1, 1, 0, 0, 1, 0, 0, 1, 0, 1], [1, 1, 0, 1, 1, 1, 1, 0, 0, 1, 0, 1, 0, 0, 0], [1, 1, 0, 1, 1, 1, 1, 0, 0, 1, 1, 0, 0, 1, 1], [1, 1, 0, 1, 1, 1, 1, 0, 0, 1, 1, 1, 1, 1, 0], [1, 1, 0, 1, 1, 1, 1, 0, 1, 0, 0, 0, 0, 0, 1], [1, 1, 0, 1, 1, 1, 1, 0, 1, 0, 0, 1, 1, 0, 0], [1, 1, 0, 1, 1, 1, 1, 0, 1, 0, 1, 0, 1, 1, 1], [1, 1, 0, 1, 1, 1, 1, 0, 1, 0, 1, 1, 0, 1, 0], [1, 1, 0, 1, 1, 1, 1, 0, 1, 1, 0, 0, 0, 1, 0], [1, 1, 0, 1, 1, 1, 1, 0, 1, 1, 0, 1, 1, 1, 1], [1, 1, 0, 1, 1, 1, 1, 0, 1, 1, 1, 0, 1, 0, 0], [1, 1, 0, 1, 1, 1, 1, 0, 1, 1, 1, 1, 0, 0, 1], [1, 1, 0, 1, 1, 1, 1, 1, 0, 0, 0, 0, 0, 0, 0], [1, 1, 0, 1, 1, 1, 1, 1, 0, 0, 0, 1, 1, 0, 1], [1, 1, 0, 1, 1, 1, 1, 1, 0, 0, 1, 0, 1, 1, 0], [1, 1, 0, 1, 1, 1, 1, 1, 0, 0, 1, 1, 0, 1, 1], [1, 1, 0, 1, 1, 1, 1, 1, 0, 1, 0, 0, 0, 1, 1], [1, 1, 0, 1, 1, 1, 1, 1, 0, 1, 0, 1, 1, 1, 0], [1, 1, 0, 1, 1, 1, 1, 1, 0, 1, 1, 0, 1, 0, 1], [1, 1, 0, 1, 1, 1, 1, 1, 0, 1, 1, 1, 0, 0, 0], [1, 1, 0, 1, 1, 1, 1, 1, 1, 0, 0, 0, 1, 1, 1], [1, 1, 0, 1, 1, 1, 1, 1, 1, 0, 0, 1, 0, 1, 0], [1, 1, 0, 1, 1, 1, 1, 1, 1, 0, 1, 0, 0, 0, 1], [1, 1, 0, 1, 1, 1, 1, 1, 1, 0, 1, 1, 1, 0, 0], [1, 1, 0, 1, 1, 1, 1, 1, 1, 1, 0, 0, 1, 0, 0], [1, 1, 0, 1, 1, 1, 1, 1, 1, 1, 0, 1, 0, 0, 1], [1, 1, 0, 1, 1, 1, 1, 1, 1, 1, 1, 0, 0, 1, 0], [1, 1, 0, 1, 1, 1, 1, 1, 1, 1, 1, 1, 1, 1, 1], [1, 1, 1, 0, 0, 0, 1, 0, 0, 0, 0, 0, 0, 0, 0], [1, 1, 1, 0, 0, 0, 1, 0, 0, 0, 0, 1, 1, 0, 1], [1, 1, 1, 0, 0, 0, 1, 0, 0, 0, 1, 0, 1, 1, 0], [1, 1, 1, 0, 0, 0, 1, 0, 0, 0, 1, 1, 0, 1, 1], [1, 1, 1, 0, 0, 0, 1, 0, 0, 1, 0, 0, 0, 1, 1], [1, 1, 1, 0, 0, 0, 1, 0, 0, 1, 0, 1, 1, 1, 0], [1, 1, 1, 0, 0, 0, 1, 0, 0, 1, 1, 0, 1, 0, 1], [1, 1, 1, 0, 0, 0, 1, 0, 0, 1, 1, 1, 0, 0, 0], [1, 1, 1, 0, 0, 0, 1, 0, 1, 0, 0, 0, 1, 1, 1], [1, 1, 1, 0, 0, 0, 1, 0, 1, 0, 0, 1, 0, 1, 0], [1, 1, 1, 0, 0, 0, 1, 0, 1, 0, 1, 0, 0, 0, 1], [1, 1, 1, 0, 0, 0, 1, 0, 1, 0, 1, 1, 1, 0, 0], [1, 1, 1, 0, 0, 0, 1, 0, 1, 1, 0, 0, 1, 0, 0], [1, 1, 1, 0, 0, 0, 1, 0, 1, 1, 0, 1, 0, 0, 1], [1, 1, 1, 0, 0, 0, 1, 0, 1, 1, 1, 0, 0, 1, 0], [1, 1, 1, 0, 0, 0, 1, 0, 1, 1, 1, 1, 1, 1, 1], [1, 1, 1, 0, 0, 0, 1, 1, 0, 0, 0, 0, 1, 1, 0], [1, 1, 1, 0, 0, 0, 1, 1, 0, 0, 0, 1, 0, 1, 1], [1, 1, 1, 0, 0, 0, 1, 1, 0, 0, 1, 0, 0, 0, 0], [1, 1, 1, 0, 0, 0, 1, 1, 0, 0, 1, 1, 1, 0, 1], [1, 1, 1, 0, 0, 0, 1, 1, 0, 1, 0, 0, 1, 0, 1], [1, 1, 1, 0, 0, 0, 1, 1, 0, 1, 0, 1, 0, 0, 0], [1, 1, 1, 0, 0, 0, 1, 1, 0, 1, 1, 0, 0, 1, 1], [1, 1, 1, 0, 0, 0, 1, 1, 0, 1, 1, 1, 1, 1, 0], [1, 1, 1, 0, 0, 0, 1, 1, 1, 0, 0, 0, 0, 0, 1], [1, 1, 1, 0, 0, 0, 1, 1, 1, 0, 0, 1, 1, 0, 0], [1, 1, 1, 0, 0, 0, 1, 1, 1, 0, 1, 0, 1, 1, 1], [1, 1, 1, 0, 0, 0, 1, 1, 1, 0, 1, 1, 0, 1, 0], [1, 1, 1, 0, 0, 0, 1, 1, 1, 1, 0, 0, 0, 1, 0], [1, 1, 1, 0, 0, 0, 1, 1, 1, 1, 0, 1, 1, 1, 1], [1, 1, 1, 0, 0, 0, 1, 1, 1, 1, 1, 0, 1, 0, 0], [1, 1, 1, 0, 0, 0, 1, 1, 1, 1, 1, 1, 0, 0, 1], [1, 1, 1, 0, 0, 1, 0, 0, 0, 0, 0, 0, 1, 1, 0], [1, 1, 1, 0, 0, 1, 0, 0, 0, 0, 0, 1, 0, 1, 1], [1, 1, 1, 0, 0, 1, 0, 0, 0, 0, 1, 0, 0, 0, 0], [1, 1, 1, 0, 0, 1, 0, 0, 0, 0, 1, 1, 1, 0, 1], [1, 1, 1, 0, 0, 1, 0, 0, 0, 1, 0, 0, 1, 0, 1], [1, 1, 1, 0, 0, 1, 0, 0, 0, 1, 0, 1, 0, 0, 0], [1, 1, 1, 0, 0, 1, 0, 0, 0, 1, 1, 0, 0, 1, 1], [1, 1, 1, 0, 0, 1, 0, 0, 0, 1, 1, 1, 1, 1, 0], [1, 1, 1, 0, 0, 1, 0, 0, 1, 0, 0, 0, 0, 0, 1], [1, 1, 1, 0, 0, 1, 0, 0, 1, 0, 0, 1, 1, 0, 0], [1, 1, 1, 0, 0, 1, 0, 0, 1, 0, 1, 0, 1, 1, 1], [1, 1, 1, 0, 0, 1, 0, 0, 1, 0, 1, 1, 0, 1, 0], [1, 1, 1, 0, 0, 1, 0, 0, 1, 1, 0, 0, 0, 1, 0], [1, 1, 1, 0, 0, 1, 0, 0, 1, 1, 0, 1, 1, 1, 1], [1, 1, 1, 0, 0, 1, 0, 0, 1, 1, 1, 0, 1, 0, 0], [1, 1, 1, 0, 0, 1, 0, 0, 1, 1, 1, 1, 0, 0, 1], [1, 1, 1, 0, 0, 1, 0, 1, 0, 0, 0, 0, 0, 0, 0], [1, 1, 1, 0, 0, 1, 0, 1, 0, 0, 0, 1, 1, 0, 1], [1, 1, 1, 0, 0, 1, 0, 1, 0, 0, 1, 0, 1, 1, 0], [1, 1, 1, 0, 0, 1, 0, 1, 0, 0, 1, 1, 0, 1, 1], [1, 1, 1, 0, 0, 1, 0, 1, 0, 1, 0, 0, 0, 1, 1], [1, 1, 1, 0, 0, 1, 0, 1, 0, 1, 0, 1, 1, 1, 0], [1, 1, 1, 0, 0, 1, 0, 1, 0, 1, 1, 0, 1, 0, 1], [1, 1, 1, 0, 0, 1, 0, 1, 0, 1, 1, 1, 0, 0, 0], [1, 1, 1, 0, 0, 1, 0, 1, 1, 0, 0, 0, 1, 1, 1], [1, 1, 1, 0, 0, 1, 0, 1, 1, 0, 0, 1, 0, 1, 0], [1, 1, 1, 0, 0, 1, 0, 1, 1, 0, 1, 0, 0, 0, 1], [1, 1, 1, 0, 0, 1, 0, 1, 1, 0, 1, 1, 1, 0, 0], [1, 1, 1, 0, 0, 1, 0, 1, 1, 1, 0, 0, 1, 0, 0], [1, 1, 1, 0, 0, 1, 0, 1, 1, 1, 0, 1, 0, 0, 1], [1, 1, 1, 0, 0, 1, 0, 1, 1, 1, 1, 0, 0, 1, 0], [1, 1, 1, 0, 0, 1, 0, 1, 1, 1, 1, 1, 1, 1, 1], [1, 1, 1, 0, 1, 0, 0, 0, 0, 0, 0, 0, 0, 1, 0], [1, 1, 1, 0, 1, 0, 0, 0, 0, 0, 0, 1, 1, 1, 1], [1, 1, 1, 0, 1, 0, 0, 0, 0, 0, 1, 0, 1, 0, 0], [1, 1, 1, 0, 1, 0, 0, 0, 0, 0, 1, 1, 0, 0, 1], [1, 1, 1, 0, 1, 0, 0, 0, 0, 1, 0, 0, 0, 0, 1], [1, 1, 1, 0, 1, 0, 0, 0, 0, 1, 0, 1, 1, 0, 0], [1, 1, 1, 0, 1, 0, 0, 0, 0, 1, 1, 0, 1, 1, 1], [1, 1, 1, 0, 1, 0, 0, 0, 0, 1, 1, 1, 0, 1, 0], [1, 1, 1, 0, 1, 0, 0, 0, 1, 0, 0, 0, 1, 0, 1], [1, 1, 1, 0, 1, 0, 0, 0, 1, 0, 0, 1, 0, 0, 0], [1, 1, 1, 0, 1, 0, 0, 0, 1, 0, 1, 0, 0, 1, 1], [1, 1, 1, 0, 1, 0, 0, 0, 1, 0, 1, 1, 1, 1, 0], [1, 1, 1, 0, 1, 0, 0, 0, 1, 1, 0, 0, 1, 1, 0], [1, 1, 1, 0, 1, 0, 0, 0, 1, 1, 0, 1, 0, 1, 1], [1, 1, 1, 0, 1, 0, 0, 0, 1, 1, 1, 0, 0, 0, 0], [1, 1, 1, 0, 1, 0, 0, 0, 1, 1, 1, 1, 1, 0, 1], [1, 1, 1, 0, 1, 0, 0, 1, 0, 0, 0, 0, 1, 0, 0], [1, 1, 1, 0, 1, 0, 0, 1, 0, 0, 0, 1, 0, 0, 1], [1, 1, 1, 0, 1, 0, 0, 1, 0, 0, 1, 0, 0, 1, 0], [1, 1, 1, 0, 1, 0, 0, 1, 0, 0, 1, 1, 1, 1, 1], [1, 1, 1, 0, 1, 0, 0, 1, 0, 1, 0, 0, 1, 1, 1], [1, 1, 1, 0, 1, 0, 0, 1, 0, 1, 0, 1, 0, 1, 0], [1, 1, 1, 0, 1, 0, 0, 1, 0, 1, 1, 0, 0, 0, 1], [1, 1, 1, 0, 1, 0, 0, 1, 0, 1, 1, 1, 1, 0, 0], [1, 1, 1, 0, 1, 0, 0, 1, 1, 0, 0, 0, 0, 1, 1], [1, 1, 1, 0, 1, 0, 0, 1, 1, 0, 0, 1, 1, 1, 0], [1, 1, 1, 0, 1, 0, 0, 1, 1, 0, 1, 0, 1, 0, 1], [1, 1, 1, 0, 1, 0, 0, 1, 1, 0, 1, 1, 0, 0, 0], [1, 1, 1, 0, 1, 0, 0, 1, 1, 1, 0, 0, 0, 0, 0], [1, 1, 1, 0, 1, 0, 0, 1, 1, 1, 0, 1, 1, 0, 1], [1, 1, 1, 0, 1, 0, 0, 1, 1, 1, 1, 0, 1, 1, 0], [1, 1, 1, 0, 1, 0, 0, 1, 1, 1, 1, 1, 0, 1, 1], [1, 1, 1, 0, 1, 1, 1, 0, 0, 0, 0, 0, 1, 0, 0], [1, 1, 1, 0, 1, 1, 1, 0, 0, 0, 0, 1, 0, 0, 1], [1, 1, 1, 0, 1, 1, 1, 0, 0, 0, 1, 0, 0, 1, 0], [1, 1, 1, 0, 1, 1, 1, 0, 0, 0, 1, 1, 1, 1, 1], [1, 1, 1, 0, 1, 1, 1, 0, 0, 1, 0, 0, 1, 1, 1], [1, 1, 1, 0, 1, 1, 1, 0, 0, 1, 0, 1, 0, 1, 0], [1, 1, 1, 0, 1, 1, 1, 0, 0, 1, 1, 0, 0, 0, 1], [1, 1, 1, 0, 1, 1, 1, 0, 0, 1, 1, 1, 1, 0, 0], [1, 1, 1, 0, 1, 1, 1, 0, 1, 0, 0, 0, 0, 1, 1], [1, 1, 1, 0, 1, 1, 1, 0, 1, 0, 0, 1, 1, 1, 0], [1, 1, 1, 0, 1, 1, 1, 0, 1, 0, 1, 0, 1, 0, 1], [1, 1, 1, 0, 1, 1, 1, 0, 1, 0, 1, 1, 0, 0, 0], [1, 1, 1, 0, 1, 1, 1, 0, 1, 1, 0, 0, 0, 0, 0], [1, 1, 1, 0, 1, 1, 1, 0, 1, 1, 0, 1, 1, 0, 1], [1, 1, 1, 0, 1, 1, 1, 0, 1, 1, 1, 0, 1, 1, 0], [1, 1, 1, 0, 1, 1, 1, 0, 1, 1, 1, 1, 0, 1, 1], [1, 1, 1, 0, 1, 1, 1, 1, 0, 0, 0, 0, 0, 1, 0], [1, 1, 1, 0, 1, 1, 1, 1, 0, 0, 0, 1, 1, 1, 1], [1, 1, 1, 0, 1, 1, 1, 1, 0, 0, 1, 0, 1, 0, 0], [1, 1, 1, 0, 1, 1, 1, 1, 0, 0, 1, 1, 0, 0, 1], [1, 1, 1, 0, 1, 1, 1, 1, 0, 1, 0, 0, 0, 0, 1], [1, 1, 1, 0, 1, 1, 1, 1, 0, 1, 0, 1, 1, 0, 0], [1, 1, 1, 0, 1, 1, 1, 1, 0, 1, 1, 0, 1, 1, 1], [1, 1, 1, 0, 1, 1, 1, 1, 0, 1, 1, 1, 0, 1, 0], [1, 1, 1, 0, 1, 1, 1, 1, 1, 0, 0, 0, 1, 0, 1], [1, 1, 1, 0, 1, 1, 1, 1, 1, 0, 0, 1, 0, 0, 0], [1, 1, 1, 0, 1, 1, 1, 1, 1, 0, 1, 0, 0, 1, 1], [1, 1, 1, 0, 1, 1, 1, 1, 1, 0, 1, 1, 1, 1, 0], [1, 1, 1, 0, 1, 1, 1, 1, 1, 1, 0, 0, 1, 1, 0], [1, 1, 1, 0, 1, 1, 1, 1, 1, 1, 0, 1, 0, 1, 1], [1, 1, 1, 0, 1, 1, 1, 1, 1, 1, 1, 0, 0, 0, 0], [1, 1, 1, 0, 1, 1, 1, 1, 1, 1, 1, 1, 1, 0, 1], [1, 1, 1, 1, 0, 0, 0, 0, 0, 0, 0, 0, 0, 0, 1], [1, 1, 1, 1, 0, 0, 0, 0, 0, 0, 0, 1, 1, 0, 0], [1, 1, 1, 1, 0, 0, 0, 0, 0, 0, 1, 0, 1, 1, 1], [1, 1, 1, 1, 0, 0, 0, 0, 0, 0, 1, 1, 0, 1, 0], [1, 1, 1, 1, 0, 0, 0, 0, 0, 1, 0, 0, 0, 1, 0], [1, 1, 1, 1, 0, 0, 0, 0, 0, 1, 0, 1, 1, 1, 1], [1, 1, 1, 1, 0, 0, 0, 0, 0, 1, 1, 0, 1, 0, 0], [1, 1, 1, 1, 0, 0, 0, 0, 0, 1, 1, 1, 0, 0, 1], [1, 1, 1, 1, 0, 0, 0, 0, 1, 0, 0, 0, 1, 1, 0], [1, 1, 1, 1, 0, 0, 0, 0, 1, 0, 0, 1, 0, 1, 1], [1, 1, 1, 1, 0, 0, 0, 0, 1, 0, 1, 0, 0, 0, 0], [1, 1, 1, 1, 0, 0, 0, 0, 1, 0, 1, 1, 1, 0, 1], [1, 1, 1, 1, 0, 0, 0, 0, 1, 1, 0, 0, 1, 0, 1], [1, 1, 1, 1, 0, 0, 0, 0, 1, 1, 0, 1, 0, 0, 0], [1, 1, 1, 1, 0, 0, 0, 0, 1, 1, 1, 0, 0, 1, 1], [1, 1, 1, 1, 0, 0, 0, 0, 1, 1, 1, 1, 1, 1, 0], [1, 1, 1, 1, 0, 0, 0, 1, 0, 0, 0, 0, 1, 1, 1], [1, 1, 1, 1, 0, 0, 0, 1, 0, 0, 0, 1, 0, 1, 0], [1, 1, 1, 1, 0, 0, 0, 1, 0, 0, 1, 0, 0, 0, 1], [1, 1, 1, 1, 0, 0, 0, 1, 0, 0, 1, 1, 1, 0, 0], [1, 1, 1, 1, 0, 0, 0, 1, 0, 1, 0, 0, 1, 0, 0], [1, 1, 1, 1, 0, 0, 0, 1, 0, 1, 0, 1, 0, 0, 1], [1, 1, 1, 1, 0, 0, 0, 1, 0, 1, 1, 0, 0, 1, 0], [1, 1, 1, 1, 0, 0, 0, 1, 0, 1, 1, 1, 1, 1, 1], [1, 1, 1, 1, 0, 0, 0, 1, 1, 0, 0, 0, 0, 0, 0], [1, 1, 1, 1, 0, 0, 0, 1, 1, 0, 0, 1, 1, 0, 1], [1, 1, 1, 1, 0, 0, 0, 1, 1, 0, 1, 0, 1, 1, 0], [1, 1, 1, 1, 0, 0, 0, 1, 1, 0, 1, 1, 0, 1, 1], [1, 1, 1, 1, 0, 0, 0, 1, 1, 1, 0, 0, 0, 1, 1], [1, 1, 1, 1, 0, 0, 0, 1, 1, 1, 0, 1, 1, 1, 0], [1, 1, 1, 1, 0, 0, 0, 1, 1, 1, 1, 0, 1, 0, 1], [1, 1, 1, 1, 0, 0, 0, 1, 1, 1, 1, 1, 0, 0, 0], [1, 1, 1, 1, 0, 1, 1, 0, 0, 0, 0, 0, 1, 1, 1], [1, 1, 1, 1, 0, 1, 1, 0, 0, 0, 0, 1, 0, 1, 0], [1, 1, 1, 1, 0, 1, 1, 0, 0, 0, 1, 0, 0, 0, 1], [1, 1, 1, 1, 0, 1, 1, 0, 0, 0, 1, 1, 1, 0, 0], [1, 1, 1, 1, 0, 1, 1, 0, 0, 1, 0, 0, 1, 0, 0], [1, 1, 1, 1, 0, 1, 1, 0, 0, 1, 0, 1, 0, 0, 1], [1, 1, 1, 1, 0, 1, 1, 0, 0, 1, 1, 0, 0, 1, 0], [1, 1, 1, 1, 0, 1, 1, 0, 0, 1, 1, 1, 1, 1, 1], [1, 1, 1, 1, 0, 1, 1, 0, 1, 0, 0, 0, 0, 0, 0], [1, 1, 1, 1, 0, 1, 1, 0, 1, 0, 0, 1, 1, 0, 1], [1, 1, 1, 1, 0, 1, 1, 0, 1, 0, 1, 0, 1, 1, 0], [1, 1, 1, 1, 0, 1, 1, 0, 1, 0, 1, 1, 0, 1, 1], [1, 1, 1, 1, 0, 1, 1, 0, 1, 1, 0, 0, 0, 1, 1], [1, 1, 1, 1, 0, 1, 1, 0, 1, 1, 0, 1, 1, 1, 0], [1, 1, 1, 1, 0, 1, 1, 0, 1, 1, 1, 0, 1, 0, 1], [1, 1, 1, 1, 0, 1, 1, 0, 1, 1, 1, 1, 0, 0, 0], [1, 1, 1, 1, 0, 1, 1, 1, 0, 0, 0, 0, 0, 0, 1], [1, 1, 1, 1, 0, 1, 1, 1, 0, 0, 0, 1, 1, 0, 0], [1, 1, 1, 1, 0, 1, 1, 1, 0, 0, 1, 0, 1, 1, 1], [1, 1, 1, 1, 0, 1, 1, 1, 0, 0, 1, 1, 0, 1, 0], [1, 1, 1, 1, 0, 1, 1, 1, 0, 1, 0, 0, 0, 1, 0], [1, 1, 1, 1, 0, 1, 1, 1, 0, 1, 0, 1, 1, 1, 1], [1, 1, 1, 1, 0, 1, 1, 1, 0, 1, 1, 0, 1, 0, 0], [1, 1, 1, 1, 0, 1, 1, 1, 0, 1, 1, 1, 0, 0, 1], [1, 1, 1, 1, 0, 1, 1, 1, 1, 0, 0, 0, 1, 1, 0], [1, 1, 1, 1, 0, 1, 1, 1, 1, 0, 0, 1, 0, 1, 1], [1, 1, 1, 1, 0, 1, 1, 1, 1, 0, 1, 0, 0, 0, 0], [1, 1, 1, 1, 0, 1, 1, 1, 1, 0, 1, 1, 1, 0, 1], [1, 1, 1, 1, 0, 1, 1, 1, 1, 1, 0, 0, 1, 0, 1], [1, 1, 1, 1, 0, 1, 1, 1, 1, 1, 0, 1, 0, 0, 0], [1, 1, 1, 1, 0, 1, 1, 1, 1, 1, 1, 0, 0, 1, 1], [1, 1, 1, 1, 0, 1, 1, 1, 1, 1, 1, 1, 1, 1, 0], [1, 1, 1, 1, 1, 0, 1, 0, 0, 0, 0, 0, 0, 1, 1], [1, 1, 1, 1, 1, 0, 1, 0, 0, 0, 0, 1, 1, 1, 0], [1, 1, 1, 1, 1, 0, 1, 0, 0, 0, 1, 0, 1, 0, 1], [1, 1, 1, 1, 1, 0, 1, 0, 0, 0, 1, 1, 0, 0, 0], [1, 1, 1, 1, 1, 0, 1, 0, 0, 1, 0, 0, 0, 0, 0], [1, 1, 1, 1, 1, 0, 1, 0, 0, 1, 0, 1, 1, 0, 1], [1, 1, 1, 1, 1, 0, 1, 0, 0, 1, 1, 0, 1, 1, 0], [1, 1, 1, 1, 1, 0, 1, 0, 0, 1, 1, 1, 0, 1, 1], [1, 1, 1, 1, 1, 0, 1, 0, 1, 0, 0, 0, 1, 0, 0], [1, 1, 1, 1, 1, 0, 1, 0, 1, 0, 0, 1, 0, 0, 1], [1, 1, 1, 1, 1, 0, 1, 0, 1, 0, 1, 0, 0, 1, 0], [1, 1, 1, 1, 1, 0, 1, 0, 1, 0, 1, 1, 1, 1, 1], [1, 1, 1, 1, 1, 0, 1, 0, 1, 1, 0, 0, 1, 1, 1], [1, 1, 1, 1, 1, 0, 1, 0, 1, 1, 0, 1, 0, 1, 0], [1, 1, 1, 1, 1, 0, 1, 0, 1, 1, 1, 0, 0, 0, 1], [1, 1, 1, 1, 1, 0, 1, 0, 1, 1, 1, 1, 1, 0, 0], [1, 1, 1, 1, 1, 0, 1, 1, 0, 0, 0, 0, 1, 0, 1], [1, 1, 1, 1, 1, 0, 1, 1, 0, 0, 0, 1, 0, 0, 0], [1, 1, 1, 1, 1, 0, 1, 1, 0, 0, 1, 0, 0, 1, 1], [1, 1, 1, 1, 1, 0, 1, 1, 0, 0, 1, 1, 1, 1, 0], [1, 1, 1, 1, 1, 0, 1, 1, 0, 1, 0, 0, 1, 1, 0], [1, 1, 1, 1, 1, 0, 1, 1, 0, 1, 0, 1, 0, 1, 1], [1, 1, 1, 1, 1, 0, 1, 1, 0, 1, 1, 0, 0, 0, 0], [1, 1, 1, 1, 1, 0, 1, 1, 0, 1, 1, 1, 1, 0, 1], [1, 1, 1, 1, 1, 0, 1, 1, 1, 0, 0, 0, 0, 1, 0], [1, 1, 1, 1, 1, 0, 1, 1, 1, 0, 0, 1, 1, 1, 1], [1, 1, 1, 1, 1, 0, 1, 1, 1, 0, 1, 0, 1, 0, 0], [1, 1, 1, 1, 1, 0, 1, 1, 1, 0, 1, 1, 0, 0, 1], [1, 1, 1, 1, 1, 0, 1, 1, 1, 1, 0, 0, 0, 0, 1], [1, 1, 1, 1, 1, 0, 1, 1, 1, 1, 0, 1, 1, 0, 0], [1, 1, 1, 1, 1, 0, 1, 1, 1, 1, 1, 0, 1, 1, 1], [1, 1, 1, 1, 1, 0, 1, 1, 1, 1, 1, 1, 0, 1, 0], [1, 1, 1, 1, 1, 1, 0, 0, 0, 0, 0, 0, 1, 0, 1], [1, 1, 1, 1, 1, 1, 0, 0, 0, 0, 0, 1, 0, 0, 0], [1, 1, 1, 1, 1, 1, 0, 0, 0, 0, 1, 0, 0, 1, 1], [1, 1, 1, 1, 1, 1, 0, 0, 0, 0, 1, 1, 1, 1, 0], [1, 1, 1, 1, 1, 1, 0, 0, 0, 1, 0, 0, 1, 1, 0], [1, 1, 1, 1, 1, 1, 0, 0, 0, 1, 0, 1, 0, 1, 1], [1, 1, 1, 1, 1, 1, 0, 0, 0, 1, 1, 0, 0, 0, 0], [1, 1, 1, 1, 1, 1, 0, 0, 0, 1, 1, 1, 1, 0, 1], [1, 1, 1, 1, 1, 1, 0, 0, 1, 0, 0, 0, 0, 1, 0], [1, 1, 1, 1, 1, 1, 0, 0, 1, 0, 0, 1, 1, 1, 1], [1, 1, 1, 1, 1, 1, 0, 0, 1, 0, 1, 0, 1, 0, 0], [1, 1, 1, 1, 1, 1, 0, 0, 1, 0, 1, 1, 0, 0, 1], [1, 1, 1, 1, 1, 1, 0, 0, 1, 1, 0, 0, 0, 0, 1], [1, 1, 1, 1, 1, 1, 0, 0, 1, 1, 0, 1, 1, 0, 0], [1, 1, 1, 1, 1, 1, 0, 0, 1, 1, 1, 0, 1, 1, 1], [1, 1, 1, 1, 1, 1, 0, 0, 1, 1, 1, 1, 0, 1, 0], [1, 1, 1, 1, 1, 1, 0, 1, 0, 0, 0, 0, 0, 1, 1], [1, 1, 1, 1, 1, 1, 0, 1, 0, 0, 0, 1, 1, 1, 0], [1, 1, 1, 1, 1, 1, 0, 1, 0, 0, 1, 0, 1, 0, 1], [1, 1, 1, 1, 1, 1, 0, 1, 0, 0, 1, 1, 0, 0, 0], [1, 1, 1, 1, 1, 1, 0, 1, 0, 1, 0, 0, 0, 0, 0], [1, 1, 1, 1, 1, 1, 0, 1, 0, 1, 0, 1, 1, 0, 1], [1, 1, 1, 1, 1, 1, 0, 1, 0, 1, 1, 0, 1, 1, 0], [1, 1, 1, 1, 1, 1, 0, 1, 0, 1, 1, 1, 0, 1, 1], [1, 1, 1, 1, 1, 1, 0, 1, 1, 0, 0, 0, 1, 0, 0], [1, 1, 1, 1, 1, 1, 0, 1, 1, 0, 0, 1, 0, 0, 1], [1, 1, 1, 1, 1, 1, 0, 1, 1, 0, 1, 0, 0, 1, 0], [1, 1, 1, 1, 1, 1, 0, 1, 1, 0, 1, 1, 1, 1, 1], [1, 1, 1, 1, 1, 1, 0, 1, 1, 1, 0, 0, 1, 1, 1], [1, 1, 1, 1, 1, 1, 0, 1, 1, 1, 0, 1, 0, 1, 0], [1, 1, 1, 1, 1, 1, 0, 1, 1, 1, 1, 0, 0, 0, 1], [1, 1, 1, 1, 1, 1, 0, 1, 1, 1, 1, 1, 1, 0, 0]]
Tìm dmin theo định nghĩa: dmin = 2
Tìm dmin theo tính chất của mã khối tuyến tính: dmin = 2


# Test case 04

Input
H = [[1, 0, 1, 1, 0, 0, 0],
     [0, 1, 0, 1, 1, 0, 0],
     [0, 0, 1, 0, 1, 1, 0],
     [0, 0, 0, 1, 0, 1, 1]]
c = [0, 1, 1, 1, 0, 1, 0]

Output
Tìm dmin dựa theo số cột của ma trận kiểm tra H: dmin = 4
Kiểm tra vec-tơ c = [0, 1, 1, 1, 0, 1, 0] có phải là một vec-tơ mã hợp lệ không? True
Các từ mã cho bộ mã là: [[0, 0, 0, 0, 0, 0, 0], [0, 0, 1, 1, 1, 0, 1], [0, 1, 0, 0, 1, 1, 1], [0, 1, 1, 1, 0, 1, 0], [1, 0, 0, 1, 1, 1, 0], [1, 0, 1, 0, 0, 1, 1], [1, 1, 0, 1, 0, 0, 1], [1, 1, 1, 0, 1, 0, 0]]
Tìm dmin theo định nghĩa: dmin = 4
Tìm dmin theo tính chất của mã khối tuyến tính: dmin = 4

